0.000000E0 4.721124E-2 -2.581663E-1
1.701439E-2 4.790535E-2 -2.575802E-1
3.402878E-2 4.693923E-2 -2.585231E-1
5.104318E-2 4.693923E-2 -2.585231E-1
6.805757E-2 4.836809E-2 -2.587791E-1
8.507196E-2 4.695085E-2 -2.575686E-1
1.020864E-1 4.622916E-2 -2.580371E-1
1.191007E-1 4.552198E-2 -2.573125E-1
1.361151E-1 4.409893E-2 -2.565792E-1
1.531295E-1 3.955630E-2 -2.572399E-1
1.701439E-1 3.883171E-2 -2.579471E-1
1.871583E-1 3.548512E-2 -2.583837E-1
2.041727E-1 3.285152E-2 -2.590677E-1
2.211871E-1 2.973485E-2 -2.602231E-1
2.382015E-1 2.358560E-2 -2.600521E-1
2.552159E-1 2.075992E-2 -2.602104E-1
2.722303E-1 1.771521E-2 -2.608786E-1
2.892447E-1 1.268217E-2 -2.616776E-1
3.062591E-1 9.487241E-3 -2.608953E-1
3.232734E-1 4.333482E-3 -2.599890E-1
3.402878E-1 -1.946085E-3 -2.597417E-1
3.573022E-1 -5.411550E-3 -2.597000E-1
3.743166E-1 -1.151462E-2 -2.605798E-1
3.913310E-1 -1.458238E-2 -2.596960E-1
4.083454E-1 -1.912868E-2 -2.586812E-1
4.253598E-1 -2.393024E-2 -2.578229E-1
4.423742E-1 -2.668834E-2 -2.569952E-1
4.593886E-1 -3.000073E-2 -2.569933E-1
4.764030E-1 -3.344401E-2 -2.567851E-1
4.934174E-1 -3.588677E-2 -2.560343E-1
5.104318E-1 -3.822762E-2 -2.552463E-1
5.274461E-1 -4.079324E-2 -2.550139E-1
5.444605E-1 -4.201180E-2 -2.549383E-1
5.614749E-1 -4.276563E-2 -2.550069E-1
5.784893E-1 -4.328608E-2 -2.550900E-1
5.955037E-1 -4.372902E-2 -2.549267E-1
6.125181E-1 -4.450531E-2 -2.549705E-1
6.295325E-1 -4.262111E-2 -2.550161E-1
6.465469E-1 -4.017430E-2 -2.552420E-1
6.635613E-1 -4.104329E-2 -2.559371E-1
6.805757E-1 -3.681702E-2 -2.559798E-1
6.975901E-1 -3.370880E-2 -2.562204E-1
7.146045E-1 -3.251432E-2 -2.568765E-1
7.316188E-1 -2.917165E-2 -2.577587E-1
7.486332E-1 -2.569984E-2 -2.586058E-1
7.656476E-1 -1.976713E-2 -2.587533E-1
7.826620E-1 -1.827444E-2 -2.595259E-1
7.996764E-1 -1.279084E-2 -2.597066E-1
8.166908E-1 -9.768437E-3 -2.605035E-1
8.337052E-1 -2.931540E-3 -2.606155E-1
8.507196E-1 2.305372E-3 -2.606879E-1
8.677340E-1 6.380941E-3 -2.606892E-1
8.847484E-1 1.052219E-2 -2.608923E-1
9.017628E-1 1.500725E-2 -2.608141E-1
9.187772E-1 1.928395E-2 -2.608694E-1
9.357915E-1 2.285447E-2 -2.609285E-1
9.528059E-1 2.789037E-2 -2.601656E-1
9.698203E-1 3.223036E-2 -2.593977E-1
9.868347E-1 3.477170E-2 -2.593982E-1
1.003849E0 3.700673E-2 -2.593189E-1
1.020864E0 3.878573E-2 -2.593555E-1
1.037878E0 3.995547E-2 -2.594717E-1
1.054892E0 4.072556E-2 -2.594440E-1
1.071907E0 4.350154E-2 -2.587262E-1
1.088921E0 4.387085E-2 -2.585801E-1
1.105935E0 4.394635E-2 -2.585966E-1
1.122950E0 4.388560E-2 -2.585784E-1
1.139964E0 4.333949E-2 -2.586711E-1
1.156979E0 4.234593E-2 -2.586244E-1
1.173993E0 3.919893E-2 -2.594904E-1
1.191007E0 3.766898E-2 -2.595258E-1
1.208022E0 3.537042E-2 -2.593393E-1
1.225036E0 3.307195E-2 -2.594029E-1
1.242051E0 2.543551E-2 -2.601518E-1
1.259065E0 2.193583E-2 -2.601057E-1
1.276079E0 1.819953E-2 -2.602010E-1
1.293094E0 1.406658E-2 -2.599334E-1
1.310108E0 5.276867E-3 -2.599755E-1
1.327123E0 1.920259E-4 -2.599099E-1
1.344137E0 -5.210097E-3 -2.597479E-1
1.361151E0 -8.125473E-3 -2.591234E-1
1.378166E0 -1.336928E-2 -2.588932E-1
1.395180E0 -1.669608E-2 -2.581576E-1
1.412195E0 -2.161741E-2 -2.577697E-1
1.429209E0 -2.465542E-2 -2.571088E-1
1.446223E0 -2.927156E-2 -2.568035E-1
1.463238E0 -3.094536E-2 -2.561048E-1
1.480252E0 -3.595764E-2 -2.559757E-1
1.497266E0 -3.572913E-2 -2.553944E-1
1.514281E0 -3.797392E-2 -2.551860E-1
1.531295E0 -3.956396E-2 -2.550867E-1
1.548310E0 -4.126357E-2 -2.550498E-1
1.565324E0 -4.227594E-2 -2.550349E-1
1.582338E0 -4.244014E-2 -2.550352E-1
1.599353E0 -4.227076E-2 -2.550679E-1
1.616367E0 -4.031720E-2 -2.550743E-1
1.633382E0 -3.857966E-2 -2.551616E-1
1.650396E0 -4.216919E-2 -2.558109E-1
1.667410E0 -3.671245E-2 -2.560185E-1
1.684425E0 -3.652351E-2 -2.568129E-1
1.701439E0 -3.059405E-2 -2.569781E-1
1.718454E0 -2.879199E-2 -2.578223E-1
1.735468E0 -2.690106E-2 -2.586516E-1
1.752482E0 -2.070831E-2 -2.587266E-1
1.769497E0 -1.831541E-2 -2.596426E-1
1.786511E0 -1.571227E-2 -2.603772E-1
1.803526E0 -9.885677E-3 -2.606376E-1
1.820540E0 -4.385447E-3 -2.606553E-1
1.837554E0 9.712861E-4 -2.607779E-1
1.854569E0 5.711995E-3 -2.607423E-1
1.871583E0 1.022975E-2 -2.608581E-1
1.888597E0 1.429110E-2 -2.608360E-1
1.905612E0 1.811806E-2 -2.609854E-1
1.922626E0 2.133774E-2 -2.609758E-1
1.939641E0 2.456061E-2 -2.609502E-1
1.956655E0 2.733631E-2 -2.610427E-1
1.973669E0 3.175483E-2 -2.603432E-1
1.990684E0 3.373195E-2 -2.601862E-1
2.007698E0 3.563012E-2 -2.602565E-1
2.024713E0 3.902441E-2 -2.594728E-1
2.041727E0 4.000741E-2 -2.595056E-1
2.058741E0 4.079776E-2 -2.594939E-1
2.075756E0 4.106955E-2 -2.595744E-1
2.092770E0 4.108220E-2 -2.595800E-1
2.109785E0 4.086731E-2 -2.595201E-1
2.126799E0 4.036252E-2 -2.596184E-1
2.143813E0 3.922568E-2 -2.595366E-1
2.160828E0 3.791857E-2 -2.593867E-1
2.177842E0 3.641112E-2 -2.594336E-1
2.194857E0 3.228673E-2 -2.602273E-1
2.211871E0 3.023052E-2 -2.601193E-1
2.228885E0 2.759252E-2 -2.602896E-1
2.245900E0 2.457203E-2 -2.601603E-1
2.262914E0 2.114844E-2 -2.601008E-1
2.279928E0 1.518673E-2 -2.608327E-1
2.296943E0 1.141471E-2 -2.608952E-1
2.313957E0 6.795471E-3 -2.607743E-1
2.330972E0 5.006553E-3 -2.599124E-1
2.347986E0 1.073590E-4 -2.599061E-1
2.365000E0 -4.926952E-3 -2.598202E-1
2.382015E0 -7.270235E-3 -2.590220E-1
2.399029E0 -1.295289E-2 -2.588158E-1
2.416044E0 -1.545826E-2 -2.580373E-1
2.433058E0 -2.042662E-2 -2.578716E-1
2.450072E0 -2.275408E-2 -2.571320E-1
2.467087E0 -2.740212E-2 -2.568540E-1
2.484101E0 -2.915124E-2 -2.561787E-1
2.501116E0 -3.411738E-2 -2.560156E-1
2.518130E0 -3.863952E-2 -2.558197E-1
2.535144E0 -3.546086E-2 -2.553096E-1
2.552159E0 -3.737036E-2 -2.551945E-1
2.569173E0 -3.863257E-2 -2.550585E-1
2.586188E0 -3.943124E-2 -2.550378E-1
2.603202E0 -3.952431E-2 -2.551154E-1
2.620216E0 -3.938598E-2 -2.550629E-1
2.637231E0 -3.842051E-2 -2.551987E-1
2.654245E0 -3.683735E-2 -2.552599E-1
2.671260E0 -3.507234E-2 -2.553519E-1
2.688274E0 -3.534569E-2 -2.560338E-1
2.705288E0 -3.561970E-2 -2.568030E-1
2.722303E0 -2.963052E-2 -2.569707E-1
2.739317E0 -2.873166E-2 -2.578050E-1
2.756331E0 -2.262857E-2 -2.579377E-1
2.773346E0 -2.081766E-2 -2.586710E-1
2.790360E0 -1.882938E-2 -2.595670E-1
2.807375E0 -1.259794E-2 -2.597332E-1
2.824389E0 -1.081297E-2 -2.605854E-1
2.841403E0 -5.129214E-3 -2.606391E-1
2.858418E0 2.851260E-5 -2.607430E-1
2.875432E0 1.636029E-3 -2.615329E-1
2.892447E0 6.306875E-3 -2.616977E-1
2.909461E0 1.039432E-2 -2.617173E-1
2.926475E0 1.428255E-2 -2.616884E-1
2.943490E0 1.784462E-2 -2.617551E-1
2.960504E0 2.090289E-2 -2.617080E-1
2.977519E0 2.371654E-2 -2.618117E-1
2.994533E0 2.852424E-2 -2.609666E-1
3.011547E0 3.042729E-2 -2.610226E-1
3.028562E0 3.234359E-2 -2.610937E-1
3.045576E0 3.592852E-2 -2.603852E-1
3.062591E0 3.683081E-2 -2.603956E-1
3.079605E0 3.747388E-2 -2.603346E-1
3.096619E0 3.800960E-2 -2.602358E-1
3.113634E0 3.811143E-2 -2.602628E-1
3.130648E0 3.799648E-2 -2.602281E-1
3.147662E0 3.754207E-2 -2.603436E-1
3.164677E0 3.663874E-2 -2.603210E-1
3.181691E0 3.528944E-2 -2.601855E-1
3.198706E0 3.392296E-2 -2.602560E-1
3.215720E0 3.200738E-2 -2.601715E-1
3.232734E0 2.967655E-2 -2.602273E-1
3.249749E0 2.723336E-2 -2.602338E-1
3.266763E0 2.200705E-2 -2.609321E-1
3.283778E0 1.887569E-2 -2.609723E-1
3.300792E0 1.534481E-2 -2.608862E-1
3.317806E0 1.149776E-2 -2.607349E-1
3.334821E0 7.287921E-3 -2.606984E-1
3.351835E0 2.872485E-3 -2.607830E-1
3.368850E0 1.086800E-3 -2.599406E-1
3.385864E0 -3.848559E-3 -2.598979E-1
3.402878E0 -9.440689E-3 -2.597058E-1
3.419893E0 -1.148151E-2 -2.588034E-1
3.436907E0 -1.638963E-2 -2.587261E-1
3.453922E0 -1.815911E-2 -2.579092E-1
3.470936E0 -2.345291E-2 -2.578995E-1
3.487950E0 -2.484601E-2 -2.570149E-1
3.504965E0 -2.936650E-2 -2.569155E-1
3.521979E0 -2.985093E-2 -2.561728E-1
3.538993E0 -3.437395E-2 -2.560253E-1
3.556008E0 -3.866362E-2 -2.558500E-1
3.573022E0 -3.504847E-2 -2.553681E-1
3.590037E0 -3.596845E-2 -2.552637E-1
3.607051E0 -3.662158E-2 -2.552564E-1
3.624065E0 -3.682040E-2 -2.552058E-1
3.641080E0 -3.678387E-2 -2.552070E-1
3.658094E0 -3.598212E-2 -2.552307E-1
3.675109E0 -3.504873E-2 -2.553146E-1
3.692123E0 -3.755997E-2 -2.559679E-1
3.709137E0 -3.269700E-2 -2.560136E-1
3.726152E0 -3.347108E-2 -2.568475E-1
3.743166E0 -2.793669E-2 -2.569897E-1
3.760181E0 -2.725975E-2 -2.577959E-1
3.777195E0 -2.566441E-2 -2.586077E-1
3.794209E0 -2.010688E-2 -2.588158E-1
3.811224E0 -1.873190E-2 -2.595768E-1
3.828238E0 -1.286347E-2 -2.596913E-1
3.845253E0 -1.097224E-2 -2.605609E-1
3.862267E0 -5.448130E-3 -2.605902E-1
3.879281E0 -2.903089E-4 -2.606553E-1
3.896296E0 1.045878E-3 -2.615943E-1
3.913310E0 5.532491E-3 -2.615302E-1
3.930324E0 9.655785E-3 -2.617449E-1
3.947339E0 1.335336E-2 -2.616688E-1
3.964353E0 1.677357E-2 -2.616995E-1
3.981368E0 1.995692E-2 -2.616538E-1
3.998382E0 2.269776E-2 -2.617408E-1
4.015396E0 2.744829E-2 -2.611226E-1
4.032411E0 2.941695E-2 -2.609747E-1
4.049425E0 3.316343E-2 -2.602988E-1
4.066440E0 3.233982E-2 -2.610819E-1
4.083454E0 3.558700E-2 -2.602718E-1
4.100468E0 3.633112E-2 -2.602341E-1
4.117483E0 3.675187E-2 -2.603563E-1
4.134497E0 3.681636E-2 -2.603776E-1
4.151512E0 3.670435E-2 -2.603538E-1
4.168526E0 3.630116E-2 -2.602279E-1
4.185540E0 3.555244E-2 -2.602438E-1
4.202555E0 3.413881E-2 -2.603022E-1
4.219569E0 3.276450E-2 -2.601389E-1
4.236584E0 3.108662E-2 -2.601404E-1
4.253598E0 2.693073E-2 -2.609288E-1
4.270612E0 2.450389E-2 -2.609440E-1
4.287627E0 2.167312E-2 -2.608288E-1
4.304641E0 1.865669E-2 -2.609126E-1
4.321656E0 1.528141E-2 -2.608733E-1
4.338670E0 1.167270E-2 -2.607774E-1
4.355684E0 7.600769E-3 -2.607778E-1
4.372699E0 3.378949E-3 -2.607276E-1
4.389713E0 1.649215E-3 -2.598997E-1
4.406727E0 -2.906709E-3 -2.597555E-1
4.423742E0 -7.568398E-3 -2.597748E-1
4.440756E0 -9.525011E-3 -2.588663E-1
4.457771E0 -1.442879E-2 -2.588085E-1
4.474785E0 -1.632821E-2 -2.579842E-1
4.491799E0 -2.065953E-2 -2.578515E-1
4.508814E0 -2.227404E-2 -2.571299E-1
4.525828E0 -2.624126E-2 -2.569763E-1
4.542843E0 -3.019749E-2 -2.568758E-1
4.559857E0 -3.007845E-2 -2.561217E-1
4.576871E0 -3.365499E-2 -2.561160E-1
4.593886E0 -3.741101E-2 -2.559731E-1
4.610900E0 -3.957874E-2 -2.557647E-1
4.627915E0 -4.025527E-2 -2.557788E-1
4.644929E0 -4.051575E-2 -2.557957E-1
4.661943E0 -4.064068E-2 -2.558280E-1
4.678958E0 -3.937251E-2 -2.559902E-1
4.695972E0 -3.547945E-2 -2.560779E-1
4.712987E0 -3.253145E-2 -2.561388E-1
4.730001E0 -3.406313E-2 -2.569027E-1
4.747015E0 -2.922866E-2 -2.569710E-1
4.764030E0 -2.957798E-2 -2.578078E-1
4.781044E0 -2.442056E-2 -2.579019E-1
4.798058E0 -2.387524E-2 -2.586921E-1
4.815073E0 -1.842468E-2 -2.588655E-1
4.832087E0 -1.719157E-2 -2.595955E-1
4.849102E0 -1.183493E-2 -2.597450E-1
4.866116E0 -1.076618E-2 -2.606199E-1
4.883130E0 -5.669635E-3 -2.606906E-1
4.900145E0 -8.898900E-4 -2.607107E-1
4.917159E0 3.437835E-3 -2.607659E-1
4.934174E0 7.464425E-3 -2.607704E-1
4.951188E0 8.615985E-3 -2.616639E-1
4.968202E0 1.214287E-2 -2.617469E-1
4.985217E0 1.534019E-2 -2.617528E-1
5.002231E0 1.848679E-2 -2.617187E-1
5.019246E0 2.112481E-2 -2.617555E-1
5.036260E0 2.363349E-2 -2.617656E-1
5.053274E0 2.785238E-2 -2.609961E-1
5.070289E0 2.960475E-2 -2.610196E-1
5.087303E0 3.078876E-2 -2.611143E-1
5.104318E0 3.184369E-2 -2.611735E-1
5.121332E0 3.240686E-2 -2.611119E-1
5.138346E0 3.302227E-2 -2.610506E-1
5.155361E0 3.299971E-2 -2.610426E-1
5.172375E0 3.300668E-2 -2.610469E-1
5.189389E0 3.263614E-2 -2.611513E-1
5.206404E0 3.186653E-2 -2.609580E-1
5.223418E0 3.070309E-2 -2.610778E-1
5.240433E0 2.926373E-2 -2.611363E-1
5.257447E0 2.757201E-2 -2.611243E-1
5.274461E0 2.540631E-2 -2.609944E-1
5.291476E0 2.318616E-2 -2.610449E-1
5.308490E0 2.038592E-2 -2.609617E-1
5.325505E0 1.755903E-2 -2.608564E-1
5.342519E0 1.437158E-2 -2.608582E-1
5.359533E0 1.085354E-2 -2.607901E-1
5.376548E0 7.080908E-3 -2.608437E-1
5.393562E0 2.911386E-3 -2.607955E-1
5.410577E0 -1.666942E-3 -2.606650E-1
5.427591E0 -2.772279E-3 -2.598031E-1
5.444605E0 -7.349722E-3 -2.598223E-1
5.461620E0 -8.842630E-3 -2.588414E-1
5.478634E0 -1.349483E-2 -2.588595E-1
5.495649E0 -1.502813E-2 -2.581169E-1
5.512663E0 -1.933777E-2 -2.579941E-1
5.529677E0 -2.355587E-2 -2.578219E-1
5.546692E0 -2.431085E-2 -2.570801E-1
5.563706E0 -2.802405E-2 -2.569190E-1
5.580720E0 -3.158601E-2 -2.568177E-1
5.597735E0 -3.008622E-2 -2.561000E-1
5.614749E0 -3.254460E-2 -2.560375E-1
5.631764E0 -3.497718E-2 -2.560125E-1
5.648778E0 -3.603135E-2 -2.559750E-1
5.665792E0 -3.616474E-2 -2.560184E-1
5.682807E0 -3.631910E-2 -2.560117E-1
5.699821E0 -3.513504E-2 -2.560266E-1
5.716836E0 -3.251971E-2 -2.560782E-1
5.733850E0 -3.051473E-2 -2.562130E-1
5.750864E0 -3.119899E-2 -2.569071E-1
5.767879E0 -2.757770E-2 -2.569517E-1
5.784893E0 -2.786496E-2 -2.577970E-1
5.801908E0 -2.332452E-2 -2.578383E-1
5.818922E0 -2.258134E-2 -2.587193E-1
5.835936E0 -1.770314E-2 -2.588381E-1
5.852951E0 -1.690730E-2 -2.596281E-1
5.869965E0 -1.165270E-2 -2.597677E-1
5.886980E0 -1.092039E-2 -2.605531E-1
5.903994E0 -5.990332E-3 -2.606269E-1
5.921008E0 -1.444760E-3 -2.607549E-1
5.938023E0 2.688521E-3 -2.608036E-1
5.955037E0 3.584338E-3 -2.616309E-1
5.972052E0 7.420693E-3 -2.615917E-1
5.989066E0 1.091288E-2 -2.616536E-1
6.006080E0 1.415201E-2 -2.616545E-1
6.023095E0 1.723313E-2 -2.618060E-1
6.040109E0 1.985108E-2 -2.618379E-1
6.057123E0 2.184897E-2 -2.617323E-1
6.074138E0 2.373619E-2 -2.618085E-1
6.091152E0 2.774863E-2 -2.609854E-1
6.108167E0 2.918144E-2 -2.611438E-1
6.125181E0 3.009981E-2 -2.611725E-1
6.142195E0 3.089375E-2 -2.611455E-1
6.159210E0 3.111367E-2 -2.609913E-1
6.176224E0 3.124891E-2 -2.610216E-1
6.193239E0 3.104154E-2 -2.609592E-1
6.210253E0 3.089216E-2 -2.611156E-1
6.227267E0 3.015509E-2 -2.609343E-1
6.244282E0 2.932556E-2 -2.609424E-1
6.261296E0 2.799538E-2 -2.610262E-1
6.278311E0 2.626441E-2 -2.610064E-1
6.295325E0 2.213588E-2 -2.609963E-1
6.312339E0 1.958542E-2 -2.609659E-1
6.329354E0 1.683259E-2 -2.608836E-1
6.346368E0 1.358459E-2 -2.608737E-1
6.363383E0 1.043119E-2 -2.608851E-1
6.380397E0 6.809970E-3 -2.607816E-1
6.397411E0 3.039534E-3 -2.606565E-1
6.414426E0 -1.015650E-3 -2.606433E-1
6.431440E0 -2.085775E-3 -2.597571E-1
6.448454E0 -6.423028E-3 -2.598578E-1
6.465469E0 -7.857941E-3 -2.588931E-1
6.482483E0 -1.210882E-2 -2.588284E-1
6.499498E0 -1.616227E-2 -2.587695E-1
6.516512E0 -1.714316E-2 -2.579816E-1
6.533526E0 -2.107245E-2 -2.579246E-1
6.550541E0 -2.486321E-2 -2.577654E-1
6.567555E0 -2.510478E-2 -2.570998E-1
6.584570E0 -2.783210E-2 -2.569845E-1
6.601584E0 -3.031569E-2 -2.568945E-1
6.618598E0 -3.269722E-2 -2.567567E-1
6.635613E0 -3.019340E-2 -2.562269E-1
6.652627E0 -3.097891E-2 -2.560885E-1
6.669642E0 -3.160342E-2 -2.561117E-1
6.686656E0 -3.155611E-2 -2.561107E-1
6.703670E0 -3.081744E-2 -2.561690E-1
6.720685E0 -3.364147E-2 -2.568590E-1
6.737699E0 -2.788066E-2 -2.569950E-1
6.754714E0 -2.469073E-2 -2.578416E-1
6.771728E0 -2.493057E-2 -2.586252E-1
6.788742E0 -2.050940E-2 -2.587482E-1
6.805757E0 -1.607026E-2 -2.588813E-1
6.822771E0 -1.088196E-2 -2.597564E-1
6.839785E0 -9.996765E-3 -2.605834E-1
6.856800E0 -5.467296E-3 -2.605790E-1
6.873814E0 -1.152145E-3 -2.606400E-1
6.890829E0 2.736482E-3 -2.607848E-1
6.907843E0 3.270827E-3 -2.615509E-1
6.924857E0 7.027351E-3 -2.616666E-1
6.941872E0 1.050238E-2 -2.617366E-1
6.958886E0 1.328716E-2 -2.616415E-1
6.975901E0 1.621527E-2 -2.617628E-1
6.992915E0 1.850812E-2 -2.617101E-1
7.009929E0 2.080416E-2 -2.616604E-1
7.026944E0 2.282838E-2 -2.617765E-1
7.043958E0 2.440831E-2 -2.617617E-1
7.060973E0 2.806679E-2 -2.610576E-1
7.077987E0 2.889748E-2 -2.610617E-1
7.095001E0 2.951153E-2 -2.609969E-1
7.112016E0 2.985845E-2 -2.610947E-1
7.129030E0 3.001891E-2 -2.611348E-1
7.146045E0 2.993459E-2 -2.611123E-1
7.163059E0 2.951825E-2 -2.609938E-1
7.180073E0 2.892829E-2 -2.610614E-1
7.197088E0 2.778641E-2 -2.609665E-1
7.214102E0 2.658385E-2 -2.610706E-1
7.231116E0 2.489545E-2 -2.610560E-1
7.248131E0 2.303931E-2 -2.610018E-1
7.265145E0 2.084182E-2 -2.608490E-1
7.282160E0 1.857591E-2 -2.608917E-1
7.299174E0 1.583755E-2 -2.608196E-1
7.316188E0 1.283296E-2 -2.608787E-1
7.333203E0 9.773826E-3 -2.607306E-1
7.350217E0 6.438011E-3 -2.607010E-1
7.367232E0 2.916010E-3 -2.607930E-1
7.384246E0 -1.075931E-3 -2.606188E-1
7.401260E0 -2.002871E-3 -2.597773E-1
7.418275E0 -5.908502E-3 -2.598115E-1
7.435289E0 -1.028621E-2 -2.596900E-1
7.452304E0 -1.098538E-2 -2.589023E-1
7.469318E0 -1.500044E-2 -2.588655E-1
7.486332E0 -1.900795E-2 -2.586862E-1
7.503347E0 -1.925064E-2 -2.580266E-1
7.520361E0 -2.298833E-2 -2.578525E-1
7.537376E0 -2.626979E-2 -2.578273E-1
7.554390E0 -2.537831E-2 -2.570542E-1
7.571404E0 -2.729660E-2 -2.569580E-1
7.588419E0 -2.894344E-2 -2.569091E-1
7.605433E0 -3.076365E-2 -2.568585E-1
7.622448E0 -3.140001E-2 -2.568812E-1
7.639462E0 -3.162134E-2 -2.568574E-1
7.656476E0 -3.154814E-2 -2.568697E-1
7.673491E0 -3.072377E-2 -2.569047E-1
7.690505E0 -2.903483E-2 -2.569669E-1
7.707519E0 -2.732605E-2 -2.570856E-1
7.724534E0 -2.845184E-2 -2.577236E-1
7.741548E0 -2.533559E-2 -2.578634E-1
7.758563E0 -2.236623E-2 -2.579340E-1
7.775577E0 -2.202943E-2 -2.587071E-1
7.792591E0 -1.811051E-2 -2.587549E-1
7.809606E0 -1.766127E-2 -2.596029E-1
7.826620E0 -1.349215E-2 -2.597062E-1
7.843635E0 -9.489685E-3 -2.597339E-1
7.860649E0 -8.508843E-3 -2.605683E-1
7.877663E0 -4.532043E-3 -2.605881E-1
7.894678E0 -6.568779E-4 -2.607384E-1
7.911692E0 -7.803841E-5 -2.615195E-1
7.928707E0 3.586996E-3 -2.616257E-1
7.945721E0 6.843258E-3 -2.616445E-1
7.962735E0 9.974872E-3 -2.616364E-1
7.979750E0 1.290258E-2 -2.617507E-1
7.996764E0 1.545048E-2 -2.617748E-1
8.013779E0 1.775684E-2 -2.617229E-1
8.030793E0 1.971134E-2 -2.618120E-1
8.047807E0 2.151315E-2 -2.618362E-1
8.064822E0 2.528857E-2 -2.609686E-1
8.081836E0 2.668640E-2 -2.611164E-1
8.098850E0 2.730332E-2 -2.610689E-1
8.115865E0 2.791271E-2 -2.610032E-1
8.132879E0 2.844288E-2 -2.611380E-1
8.149894E0 2.845929E-2 -2.609237E-1
8.166908E0 2.856926E-2 -2.609481E-1
8.183922E0 2.813590E-2 -2.610424E-1
8.200937E0 2.744259E-2 -2.610741E-1
8.217951E0 2.649793E-2 -2.610392E-1
8.234966E0 2.512029E-2 -2.608951E-1
8.251980E0 2.357997E-2 -2.609382E-1
8.268994E0 2.181709E-2 -2.608986E-1
8.286009E0 1.982754E-2 -2.610139E-1
8.303023E0 1.753187E-2 -2.608373E-1
8.320038E0 1.499847E-2 -2.608041E-1
8.337052E0 1.224803E-2 -2.609296E-1
8.354066E0 9.091447E-3 -2.607506E-1
8.371081E0 6.028443E-3 -2.607842E-1
8.388095E0 2.558009E-3 -2.607261E-1
8.405110E0 1.654663E-3 -2.598994E-1
8.422124E0 -1.955516E-3 -2.597935E-1
8.439138E0 -5.624944E-3 -2.598459E-1
8.456153E0 -9.682617E-3 -2.596627E-1
8.473167E0 -1.025439E-2 -2.588956E-1
8.490181E0 -1.413523E-2 -2.588978E-1
8.507196E0 -1.754218E-2 -2.587713E-1
8.524210E0 -1.782724E-2 -2.580500E-1
8.541225E0 -2.099686E-2 -2.579642E-1
8.558239E0 -2.401362E-2 -2.577843E-1
8.575253E0 -2.693145E-2 -2.578250E-1
8.592268E0 -2.552358E-2 -2.570690E-1
8.609282E0 -2.670418E-2 -2.569382E-1
8.626297E0 -2.792767E-2 -2.569600E-1
8.643311E0 -2.860718E-2 -2.569836E-1
8.660325E0 -2.887012E-2 -2.569467E-1
8.677340E0 -2.882547E-2 -2.569597E-1
8.694354E0 -2.789837E-2 -2.570198E-1
8.711369E0 -2.667481E-2 -2.570048E-1
8.728383E0 -2.828728E-2 -2.577133E-1
8.745397E0 -2.562465E-2 -2.577978E-1
8.762412E0 -2.306418E-2 -2.578784E-1
8.779426E0 -2.376444E-2 -2.586789E-1
8.796441E0 -2.003815E-2 -2.587904E-1
8.813455E0 -1.672351E-2 -2.588713E-1
8.830469E0 -1.651216E-2 -2.595702E-1
8.847484E0 -1.240609E-2 -2.597573E-1
8.864498E0 -8.549436E-3 -2.597678E-1
8.881512E0 -8.188082E-3 -2.606223E-1
8.898527E0 -4.463690E-3 -2.606097E-1
8.915541E0 -7.252936E-4 -2.607332E-1
8.932556E0 2.699598E-3 -2.607801E-1
8.949570E0 5.945672E-3 -2.607859E-1
8.966584E0 9.063549E-3 -2.607526E-1
8.983599E0 1.187645E-2 -2.608514E-1
9.000613E0 1.456978E-2 -2.609149E-1
9.017628E0 1.696724E-2 -2.609008E-1
9.034642E0 1.905980E-2 -2.610347E-1
9.051656E0 2.104718E-2 -2.608967E-1
9.068671E0 2.264943E-2 -2.608786E-1
9.085685E0 2.411979E-2 -2.610498E-1
9.102700E0 2.518845E-2 -2.609017E-1
9.119714E0 2.610965E-2 -2.609395E-1
9.136728E0 2.678583E-2 -2.608988E-1
9.153743E0 2.708144E-2 -2.609849E-1
9.170757E0 2.721135E-2 -2.610226E-1
9.187772E0 2.715463E-2 -2.610085E-1
9.204786E0 2.684946E-2 -2.609226E-1
9.221800E0 2.613853E-2 -2.609477E-1
9.238815E0 2.516390E-2 -2.609015E-1
9.255829E0 2.404553E-2 -2.610338E-1
9.272844E0 2.237039E-2 -2.610260E-1
9.289858E0 2.056176E-2 -2.609908E-1
9.306872E0 1.858138E-2 -2.609001E-1
9.323887E0 1.625958E-2 -2.609323E-1
9.340901E0 1.383423E-2 -2.609217E-1
9.357915E0 1.116175E-2 -2.608572E-1
9.374930E0 8.151097E-3 -2.607127E-1
9.391944E0 5.159216E-3 -2.607793E-1
9.408959E0 1.981823E-3 -2.607721E-1
9.425973E0 -1.547424E-3 -2.606830E-1
9.442987E0 -2.209292E-3 -2.599455E-1
9.460002E0 -5.738069E-3 -2.598428E-1
9.477016E0 -9.575014E-3 -2.596900E-1
9.494031E0 -9.990927E-3 -2.589734E-1
9.511045E0 -1.337588E-2 -2.588996E-1
9.528059E0 -1.679318E-2 -2.588041E-1
9.545074E0 -1.694241E-2 -2.580550E-1
9.562088E0 -1.965700E-2 -2.579336E-1
9.579103E0 -2.245479E-2 -2.578257E-1
9.596117E0 -2.446232E-2 -2.578227E-1
9.613131E0 -2.638384E-2 -2.577715E-1
9.630146E0 -2.832392E-2 -2.577113E-1
9.647160E0 -2.958973E-2 -2.577445E-1
9.664175E0 -3.049488E-2 -2.577334E-1
9.681189E0 -3.057698E-2 -2.577396E-1
9.698203E0 -3.041391E-2 -2.577788E-1
9.715218E0 -2.974025E-2 -2.577924E-1
9.732232E0 -2.756134E-2 -2.577831E-1
9.749246E0 -2.531004E-2 -2.578891E-1
9.766261E0 -2.330659E-2 -2.578665E-1
9.783275E0 -2.450525E-2 -2.586619E-1
9.800290E0 -2.128179E-2 -2.587406E-1
9.817304E0 -1.791877E-2 -2.588056E-1
9.834318E0 -1.878370E-2 -2.595779E-1
9.851333E0 -1.474341E-2 -2.596252E-1
9.868347E0 -1.099104E-2 -2.597596E-1
9.885362E0 -1.106468E-2 -2.605275E-1
9.902376E0 -7.412493E-3 -2.606685E-1
9.919390E0 -3.512558E-3 -2.606554E-1
9.936405E0 -3.211932E-4 -2.606549E-1
9.953419E0 3.200087E-3 -2.607233E-1
9.970434E0 6.178168E-3 -2.608485E-1
9.987448E0 8.983445E-3 -2.607306E-1
1.000446E1 1.179467E-2 -2.608279E-1
1.002148E1 1.412455E-2 -2.607927E-1
1.003849E1 1.639949E-2 -2.609770E-1
1.005551E1 1.853086E-2 -2.608841E-1
1.007252E1 2.034143E-2 -2.609229E-1
1.008953E1 2.191937E-2 -2.608989E-1
1.010655E1 2.330775E-2 -2.610573E-1
1.012356E1 2.425440E-2 -2.608540E-1
1.014058E1 2.511147E-2 -2.608688E-1
1.015759E1 2.577082E-2 -2.610498E-1
1.017461E1 2.599835E-2 -2.609001E-1
1.019162E1 2.610355E-2 -2.609373E-1
1.020864E1 2.608963E-2 -2.609311E-1
1.022565E1 2.580155E-2 -2.610549E-1
1.024266E1 2.489312E-2 -2.610353E-1
1.025968E1 2.382434E-2 -2.609835E-1
1.027669E1 2.265379E-2 -2.608937E-1
1.029371E1 2.124059E-2 -2.609605E-1
1.031072E1 1.949782E-2 -2.609286E-1
1.032774E1 1.765011E-2 -2.608645E-1
1.034475E1 1.546404E-2 -2.609229E-1
1.036176E1 1.295732E-2 -2.609125E-1
1.037878E1 1.039301E-2 -2.608673E-1
1.039579E1 7.528333E-3 -2.607675E-1
1.041281E1 4.702468E-3 -2.606566E-1
1.042982E1 1.696294E-3 -2.607068E-1
1.044684E1 -1.774113E-3 -2.606543E-1
1.046385E1 -2.175507E-3 -2.599409E-1
1.048087E1 -5.346603E-3 -2.597544E-1
1.049788E1 -8.941058E-3 -2.596705E-1
1.051489E1 -1.207291E-2 -2.596331E-1
1.053191E1 -1.232794E-2 -2.587895E-1
1.054892E1 -1.522858E-2 -2.588577E-1
1.056594E1 -1.814765E-2 -2.587008E-1
1.058295E1 -2.070611E-2 -2.586627E-1
1.059997E1 -1.992377E-2 -2.578822E-1
1.061698E1 -2.214231E-2 -2.578934E-1
1.063399E1 -2.341153E-2 -2.579034E-1
1.065101E1 -2.511382E-2 -2.578753E-1
1.066802E1 -2.614877E-2 -2.578386E-1
1.068504E1 -2.660051E-2 -2.577794E-1
1.070205E1 -2.668967E-2 -2.577717E-1
1.071907E1 -2.646749E-2 -2.578036E-1
1.073608E1 -2.556503E-2 -2.578426E-1
1.075310E1 -2.407208E-2 -2.578354E-1
1.077011E1 -2.250985E-2 -2.578623E-1
1.078712E1 -2.405826E-2 -2.586174E-1
1.080414E1 -2.133278E-2 -2.587183E-1
1.082115E1 -1.855306E-2 -2.588146E-1
1.083817E1 -1.949776E-2 -2.595737E-1
1.085518E1 -1.614035E-2 -2.596360E-1
1.087220E1 -1.276102E-2 -2.597172E-1
1.088921E1 -9.391501E-3 -2.597537E-1
1.090623E1 -6.274880E-3 -2.597560E-1
1.092324E1 -5.994019E-3 -2.606243E-1
1.094025E1 -2.592023E-3 -2.606734E-1
1.095727E1 4.765588E-4 -2.606519E-1
1.097428E1 3.630298E-3 -2.608030E-1
1.099130E1 6.323366E-3 -2.608672E-1
1.100831E1 9.035587E-3 -2.607327E-1
1.102533E1 1.174479E-2 -2.607981E-1
1.104234E1 1.400786E-2 -2.607488E-1
1.105935E1 1.608866E-2 -2.608730E-1
1.107637E1 1.815949E-2 -2.609858E-1
1.109338E1 1.957963E-2 -2.609421E-1
1.111040E1 2.100787E-2 -2.608762E-1
1.112741E1 2.223824E-2 -2.609921E-1
1.114443E1 2.335090E-2 -2.608389E-1
1.116144E1 2.412544E-2 -2.610599E-1
1.117846E1 2.456444E-2 -2.609607E-1
1.119547E1 2.473822E-2 -2.610073E-1
1.121248E1 2.471501E-2 -2.609992E-1
1.122950E1 2.467148E-2 -2.609886E-1
1.124651E1 2.431809E-2 -2.608890E-1
1.126353E1 2.357795E-2 -2.609075E-1
1.128054E1 2.264103E-2 -2.608781E-1
1.129756E1 2.146471E-2 -2.609975E-1
1.131457E1 1.990938E-2 -2.610194E-1
1.133158E1 1.827713E-2 -2.608029E-1
1.134860E1 1.629318E-2 -2.609392E-1
1.136561E1 1.427931E-2 -2.608395E-1
1.138263E1 1.199702E-2 -2.608673E-1
1.139964E1 9.491603E-3 -2.608427E-1
1.141666E1 6.694187E-3 -2.607577E-1
1.143367E1 4.037962E-3 -2.607052E-1
1.145069E1 1.087329E-3 -2.607515E-1
1.146770E1 -2.075958E-3 -2.605936E-1
1.148471E1 -2.421494E-3 -2.598966E-1
1.150173E1 -5.324434E-3 -2.597619E-1
1.151874E1 -8.535476E-3 -2.597488E-1
1.153576E1 -1.150511E-2 -2.597096E-1
1.155277E1 -1.174426E-2 -2.589262E-1
1.156979E1 -1.470249E-2 -2.588090E-1
1.158680E1 -1.714556E-2 -2.587388E-1
1.160382E1 -1.950520E-2 -2.587353E-1
1.162083E1 -2.202796E-2 -2.586968E-1
1.163784E1 -2.398379E-2 -2.586295E-1
1.165486E1 -2.207463E-2 -2.579425E-1
1.167187E1 -2.303365E-2 -2.578742E-1
1.168889E1 -2.389108E-2 -2.578598E-1
1.170590E1 -2.427157E-2 -2.579054E-1
1.172292E1 -2.437848E-2 -2.578950E-1
1.173993E1 -2.433982E-2 -2.579031E-1
1.175694E1 -2.353563E-2 -2.579218E-1
1.177396E1 -2.245827E-2 -2.579131E-1
1.179097E1 -2.478871E-2 -2.586393E-1
1.180799E1 -2.221099E-2 -2.587047E-1
1.182500E1 -1.985537E-2 -2.587252E-1
1.184202E1 -1.705834E-2 -2.588098E-1
1.185903E1 -1.800565E-2 -2.595524E-1
1.187605E1 -1.495518E-2 -2.597192E-1
1.189306E1 -1.167785E-2 -2.597659E-1
1.191007E1 -8.629821E-3 -2.597458E-1
1.192709E1 -8.672130E-3 -2.605420E-1
1.194410E1 -5.514167E-3 -2.605656E-1
1.196112E1 -2.264413E-3 -2.607381E-1
1.197813E1 6.088133E-4 -2.606673E-1
1.199515E1 3.637810E-3 -2.608100E-1
1.201216E1 6.238682E-3 -2.608561E-1
1.202917E1 8.665087E-3 -2.608690E-1
1.204619E1 1.103575E-2 -2.608428E-1
1.206320E1 1.320302E-2 -2.607586E-1
1.208022E1 1.528632E-2 -2.608835E-1
1.209723E1 1.865092E-2 -2.609039E-1
1.211425E1 1.992993E-2 -2.610383E-1
1.213126E1 2.098809E-2 -2.608801E-1
1.214828E1 2.192427E-2 -2.609152E-1
1.216529E1 2.254755E-2 -2.608591E-1
1.218230E1 2.322439E-2 -2.610321E-1
1.219932E1 2.340592E-2 -2.608701E-1
1.221633E1 2.347495E-2 -2.608900E-1
1.223335E1 2.349456E-2 -2.608952E-1
1.225036E1 2.289510E-2 -2.609518E-1
1.226738E1 2.223485E-2 -2.609856E-1
1.228439E1 2.118135E-2 -2.609325E-1
1.230141E1 2.006027E-2 -2.608413E-1
1.231842E1 1.864174E-2 -2.609015E-1
1.233543E1 1.720823E-2 -2.609582E-1
1.235245E1 1.523764E-2 -2.608666E-1
1.236946E1 1.331887E-2 -2.607947E-1
1.238648E1 1.109187E-2 -2.608486E-1
1.240349E1 8.562787E-3 -2.608183E-1
1.242051E1 6.073809E-3 -2.607990E-1
1.243752E1 3.371711E-3 -2.607296E-1
1.245453E1 5.576597E-4 -2.606424E-1
1.247155E1 -2.432632E-3 -2.606743E-1
1.248856E1 -2.424683E-3 -2.598901E-1
1.250558E1 -5.344640E-3 -2.597529E-1
1.252259E1 -8.440059E-3 -2.597700E-1
1.253961E1 -1.141219E-2 -2.596290E-1
1.255662E1 -1.114861E-2 -2.588978E-1
1.257364E1 -1.371760E-2 -2.588385E-1
1.259065E1 -1.604720E-2 -2.588230E-1
1.260766E1 -1.866366E-2 -2.587525E-1
1.262468E1 -2.024059E-2 -2.587175E-1
1.264169E1 -2.210740E-2 -2.586953E-1
1.265871E1 -2.388470E-2 -2.586359E-1
1.267572E1 -2.510004E-2 -2.586690E-1
1.269274E1 -2.225103E-2 -2.579604E-1
1.270975E1 -2.243339E-2 -2.579046E-1
1.272677E1 -2.241899E-2 -2.579009E-1
1.274378E1 -2.230376E-2 -2.579265E-1
1.276079E1 -2.153233E-2 -2.579345E-1
1.277781E1 -2.056532E-2 -2.580391E-1
1.279482E1 -2.219009E-2 -2.586792E-1
1.281184E1 -1.997414E-2 -2.586783E-1
1.282885E1 -1.771318E-2 -2.588125E-1
1.284587E1 -1.552658E-2 -2.588329E-1
1.286288E1 -1.624346E-2 -2.596154E-1
1.287989E1 -1.328319E-2 -2.597336E-1
1.289691E1 -1.043187E-2 -2.596906E-1
1.291392E1 -7.235852E-3 -2.596907E-1
1.293094E1 -7.602050E-3 -2.605938E-1
1.294795E1 -4.610961E-3 -2.605768E-1
1.296497E1 -1.536696E-3 -2.607306E-1
1.298198E1 1.362267E-3 -2.606583E-1
1.299900E1 3.951901E-3 -2.606968E-1
1.301601E1 6.501979E-3 -2.607152E-1
1.303302E1 8.956404E-3 -2.607115E-1
1.305004E1 1.126661E-2 -2.608908E-1
1.306705E1 1.323860E-2 -2.607616E-1
1.308407E1 1.519049E-2 -2.608495E-1
1.310108E1 1.682901E-2 -2.608549E-1
1.311810E1 1.833085E-2 -2.608011E-1
1.313511E1 1.949891E-2 -2.609204E-1
1.315212E1 2.051436E-2 -2.609778E-1
1.316914E1 2.136618E-2 -2.609807E-1
1.318615E1 2.186577E-2 -2.608882E-1
1.320317E1 2.216212E-2 -2.609703E-1
1.322018E1 2.237053E-2 -2.610226E-1
1.323720E1 2.230479E-2 -2.610111E-1
1.325421E1 2.219290E-2 -2.609865E-1
1.327123E1 2.177790E-2 -2.608622E-1
1.328824E1 2.108367E-2 -2.609027E-1
1.330525E1 2.002395E-2 -2.608329E-1
1.332227E1 1.893695E-2 -2.609847E-1
1.333928E1 1.756728E-2 -2.608388E-1
1.335630E1 1.595528E-2 -2.608416E-1
1.337331E1 1.425315E-2 -2.608255E-1
1.339033E1 1.236670E-2 -2.607372E-1
1.340734E1 1.023928E-2 -2.608432E-1
1.342436E1 8.100917E-3 -2.606925E-1
1.344137E1 5.674988E-3 -2.606884E-1
1.345838E1 3.158732E-3 -2.606706E-1
1.347540E1 5.321084E-4 -2.606324E-1
1.349241E1 -2.138938E-3 -2.605571E-1
1.350943E1 -5.010735E-3 -2.606008E-1
1.352644E1 -4.874791E-3 -2.598813E-1
1.354346E1 -7.634874E-3 -2.597846E-1
1.356047E1 -1.049424E-2 -2.596741E-1
1.357748E1 -1.297010E-2 -2.596162E-1
1.359450E1 -1.590805E-2 -2.596482E-1
1.361151E1 -1.486060E-2 -2.587663E-1
1.362853E1 -1.689915E-2 -2.588174E-1
1.364554E1 -1.870826E-2 -2.587738E-1
1.366256E1 -2.030565E-2 -2.587496E-1
1.367957E1 -2.157652E-2 -2.586860E-1
1.369659E1 -2.256878E-2 -2.587315E-1
1.371360E1 -2.320171E-2 -2.586610E-1
1.373061E1 -2.345172E-2 -2.587225E-1
1.374763E1 -2.359993E-2 -2.587121E-1
1.376464E1 -2.339748E-2 -2.587433E-1
1.378166E1 -2.277718E-2 -2.587488E-1
1.379867E1 -2.118642E-2 -2.587668E-1
1.381569E1 -2.002602E-2 -2.588440E-1
1.383270E1 -1.811541E-2 -2.587892E-1
1.384971E1 -1.951919E-2 -2.595513E-1
1.386673E1 -1.695914E-2 -2.596279E-1
1.388374E1 -1.456677E-2 -2.596875E-1
1.390076E1 -1.182679E-2 -2.597618E-1
1.391777E1 -1.263378E-2 -2.605241E-1
1.393479E1 -9.852867E-3 -2.606371E-1
1.395180E1 -6.767787E-3 -2.606449E-1
1.396882E1 -3.904778E-3 -2.607392E-1
1.398583E1 -1.202321E-3 -2.606379E-1
1.400284E1 1.628725E-3 -2.607364E-1
1.401986E1 4.070454E-3 -2.607284E-1
1.403687E1 6.375884E-3 -2.606837E-1
1.405389E1 8.867906E-3 -2.608905E-1
1.407090E1 1.080229E-2 -2.607801E-1
1.408792E1 1.258398E-2 -2.608246E-1
1.410493E1 1.446450E-2 -2.608789E-1
1.412195E1 1.587937E-2 -2.608201E-1
1.413896E1 1.745946E-2 -2.607973E-1
1.415597E1 1.851741E-2 -2.608571E-1
1.417299E1 1.952993E-2 -2.609248E-1
1.419000E1 2.021566E-2 -2.608925E-1
1.420702E1 2.089838E-2 -2.608456E-1
1.422403E1 2.115097E-2 -2.609206E-1
1.424105E1 2.131848E-2 -2.609645E-1
1.425806E1 2.126791E-2 -2.609524E-1
1.427507E1 2.109540E-2 -2.609077E-1
1.429209E1 2.059280E-2 -2.609885E-1
1.430910E1 1.978822E-2 -2.609902E-1
1.432612E1 1.884466E-2 -2.609619E-1
1.434313E1 1.764554E-2 -2.608599E-1
1.436015E1 1.618084E-2 -2.609132E-1
1.437716E1 1.468160E-2 -2.609382E-1
1.439418E1 1.290983E-2 -2.608962E-1
1.441119E1 1.114744E-2 -2.608555E-1
1.442820E1 8.971686E-3 -2.607159E-1
1.444522E1 6.748806E-3 -2.607716E-1
1.446223E1 4.435939E-3 -2.607939E-1
1.447925E1 1.809800E-3 -2.607531E-1
1.449626E1 -6.639644E-4 -2.607271E-1
1.451328E1 -3.307985E-3 -2.606684E-1
1.453029E1 -6.018312E-3 -2.605728E-1
1.454730E1 -5.497126E-3 -2.597133E-1
1.456432E1 -7.989390E-3 -2.596996E-1
1.458133E1 -1.062440E-2 -2.596433E-1
1.459835E1 -1.311311E-2 -2.596328E-1
1.461536E1 -1.545702E-2 -2.596003E-1
1.463238E1 -1.419708E-2 -2.589039E-1
1.464939E1 -1.621550E-2 -2.588080E-1
1.466641E1 -1.793854E-2 -2.587751E-1
1.468342E1 -1.938103E-2 -2.587713E-1
1.470043E1 -2.032933E-2 -2.587402E-1
1.471745E1 -2.097440E-2 -2.587529E-1
1.473446E1 -2.162151E-2 -2.586690E-1
1.475148E1 -2.170110E-2 -2.587498E-1
1.476849E1 -2.183415E-2 -2.587427E-1
1.478551E1 -2.172338E-2 -2.587610E-1
1.480252E1 -2.105631E-2 -2.587700E-1
1.481954E1 -1.978466E-2 -2.587696E-1
1.483655E1 -1.816711E-2 -2.587802E-1
1.485356E1 -1.620522E-2 -2.588541E-1
1.487058E1 -1.457257E-2 -2.588677E-1
1.488759E1 -1.556972E-2 -2.595991E-1
1.490461E1 -1.320615E-2 -2.597550E-1
1.492162E1 -1.075913E-2 -2.597881E-1
1.493864E1 -7.996762E-3 -2.597075E-1
1.495565E1 -5.467394E-3 -2.597284E-1
1.497266E1 -5.972128E-3 -2.606075E-1
1.498968E1 -3.373130E-3 -2.606591E-1
1.500669E1 -6.880240E-4 -2.607346E-1
1.502371E1 1.672053E-3 -2.607339E-1
1.504072E1 4.009671E-3 -2.607143E-1
1.505774E1 6.262916E-3 -2.608507E-1
1.507475E1 8.384916E-3 -2.607881E-1
1.509177E1 1.046184E-2 -2.608956E-1
1.510878E1 1.195132E-2 -2.608625E-1
1.512579E1 1.382848E-2 -2.609288E-1
1.514281E1 1.509638E-2 -2.608392E-1
1.515982E1 1.641830E-2 -2.609667E-1
1.517684E1 1.743323E-2 -2.608048E-1
1.519385E1 1.838690E-2 -2.608321E-1
1.521087E1 1.900068E-2 -2.609943E-1
1.522788E1 1.951513E-2 -2.609260E-1
1.524490E1 1.975031E-2 -2.609834E-1
1.526191E1 1.976008E-2 -2.609869E-1
1.527892E1 1.969343E-2 -2.609744E-1
1.529594E1 1.944167E-2 -2.609122E-1
1.531295E1 1.902646E-2 -2.610035E-1
1.532997E1 1.815212E-2 -2.609882E-1
1.534698E1 1.722876E-2 -2.609691E-1
1.536400E1 1.585909E-2 -2.608249E-1
1.538101E1 1.468640E-2 -2.609380E-1
1.539802E1 1.321473E-2 -2.607721E-1
1.541504E1 1.159763E-2 -2.607726E-1
1.543205E1 9.842637E-3 -2.607349E-1
1.544907E1 7.867027E-3 -2.608485E-1
1.546608E1 5.710154E-3 -2.607204E-1
1.548310E1 3.569377E-3 -2.607758E-1
1.550011E1 1.206872E-3 -2.607770E-1
1.551713E1 -1.363815E-3 -2.607366E-1
1.553414E1 -4.030939E-3 -2.606752E-1
1.555115E1 -6.897796E-3 -2.605808E-1
1.556817E1 -5.953025E-3 -2.598252E-1
1.558518E1 -8.435699E-3 -2.597949E-1
1.560220E1 -1.103477E-2 -2.597224E-1
1.561921E1 -1.356646E-2 -2.596795E-1
1.563623E1 -1.555183E-2 -2.595638E-1
1.565324E1 -1.383581E-2 -2.588330E-1
1.567025E1 -1.592025E-2 -2.588789E-1
1.568727E1 -1.758601E-2 -2.588436E-1
1.570428E1 -1.888165E-2 -2.587605E-1
1.572130E1 -1.988459E-2 -2.587226E-1
1.573831E1 -2.023138E-2 -2.587550E-1
1.575533E1 -2.042337E-2 -2.587220E-1
1.577234E1 -2.041474E-2 -2.587311E-1
1.578936E1 -2.041992E-2 -2.587376E-1
1.580637E1 -2.023963E-2 -2.587707E-1
1.582338E1 -1.955695E-2 -2.587880E-1
1.584040E1 -1.813190E-2 -2.587871E-1
1.585741E1 -1.658761E-2 -2.589092E-1
1.587443E1 -1.504295E-2 -2.589012E-1
1.589144E1 -1.682196E-2 -2.596216E-1
1.590846E1 -1.465054E-2 -2.596351E-1
1.592547E1 -1.210831E-2 -2.596816E-1
1.594249E1 -9.736623E-3 -2.596939E-1
1.595950E1 -7.132484E-3 -2.597235E-1
1.597651E1 -4.549142E-3 -2.597543E-1
1.599353E1 -5.125285E-3 -2.606150E-1
1.601054E1 -2.765287E-3 -2.606313E-1
1.602756E1 -2.105633E-4 -2.606654E-1
1.604457E1 2.180011E-3 -2.606472E-1
1.606159E1 4.570515E-3 -2.608308E-1
1.607860E1 6.487567E-3 -2.607095E-1
1.609561E1 8.563498E-3 -2.608258E-1
1.611263E1 1.039019E-2 -2.608779E-1
1.612964E1 1.194034E-2 -2.608615E-1
1.614666E1 1.355384E-2 -2.608544E-1
1.616367E1 1.477005E-2 -2.609544E-1
1.618069E1 1.574581E-2 -2.607835E-1
1.619770E1 1.687038E-2 -2.608641E-1
1.621472E1 1.772239E-2 -2.608734E-1
1.623173E1 1.832272E-2 -2.608121E-1
1.624874E1 1.865790E-2 -2.609061E-1
1.626576E1 1.896733E-2 -2.609851E-1
1.628277E1 1.892412E-2 -2.609771E-1
1.629979E1 1.885455E-2 -2.609613E-1
1.631680E1 1.852853E-2 -2.608783E-1
1.633382E1 1.808866E-2 -2.609649E-1
1.635083E1 1.728934E-2 -2.609775E-1
1.636784E1 1.605391E-2 -2.608773E-1
1.638486E1 1.510866E-2 -2.608323E-1
1.640187E1 1.388519E-2 -2.609298E-1
1.641889E1 1.227468E-2 -2.609372E-1
1.643590E1 1.072298E-2 -2.607536E-1
1.645292E1 8.910482E-3 -2.607097E-1
1.646993E1 7.168358E-3 -2.608646E-1
1.648695E1 5.087968E-3 -2.607610E-1
1.650396E1 2.724450E-3 -2.607644E-1
1.652097E1 6.292517E-4 -2.606528E-1
1.653799E1 -1.816779E-3 -2.606531E-1
1.655500E1 -4.122847E-3 -2.606603E-1
1.657202E1 -6.977592E-3 -2.605698E-1
1.658903E1 -5.947382E-3 -2.598193E-1
1.660605E1 -8.027928E-3 -2.597028E-1
1.662306E1 -1.041520E-2 -2.597095E-1
1.664008E1 -1.252719E-2 -2.597359E-1
1.665709E1 -1.458520E-2 -2.596177E-1
1.667410E1 -1.623306E-2 -2.595851E-1
1.669112E1 -1.805560E-2 -2.595385E-1
1.670813E1 -1.579325E-2 -2.589003E-1
1.672515E1 -1.692706E-2 -2.588241E-1
1.674216E1 -1.811061E-2 -2.587635E-1
1.675918E1 -1.864930E-2 -2.587877E-1
1.677619E1 -1.886826E-2 -2.587584E-1
1.679320E1 -1.883963E-2 -2.587610E-1
1.681022E1 -1.879098E-2 -2.587675E-1
1.682723E1 -1.811668E-2 -2.587788E-1
1.684425E1 -1.714166E-2 -2.588013E-1
1.686126E1 -1.603553E-2 -2.588740E-1
1.687828E1 -1.479406E-2 -2.588110E-1
1.689529E1 -1.313067E-2 -2.588260E-1
1.691231E1 -1.433090E-2 -2.596557E-1
1.692932E1 -1.272169E-2 -2.597073E-1
1.694633E1 -1.037599E-2 -2.597148E-1
1.696335E1 -7.886545E-3 -2.597270E-1
1.698036E1 -5.638422E-3 -2.598709E-1
1.699738E1 -3.676909E-3 -2.597793E-1
1.701439E1 -4.109818E-3 -2.606548E-1
1.703141E1 -2.017044E-3 -2.606166E-1
1.704842E1 4.328860E-4 -2.606265E-1
1.706543E1 2.705402E-3 -2.607888E-1
1.708245E1 4.853434E-3 -2.607107E-1
1.709946E1 6.636862E-3 -2.607554E-1
1.711648E1 8.554352E-3 -2.608238E-1
1.713349E1 1.016605E-2 -2.608256E-1
1.715051E1 1.182129E-2 -2.608275E-1
1.716752E1 1.323452E-2 -2.607643E-1
1.718454E1 1.441075E-2 -2.608617E-1
1.720155E1 1.536468E-2 -2.608965E-1
1.721856E1 1.634737E-2 -2.609521E-1
1.723558E1 1.693424E-2 -2.608915E-1
1.725259E1 1.755834E-2 -2.608326E-1
1.726961E1 1.796411E-2 -2.609410E-1
1.728662E1 1.803757E-2 -2.609538E-1
1.730364E1 1.797483E-2 -2.609422E-1
1.732065E1 1.788310E-2 -2.609220E-1
1.733767E1 1.761300E-2 -2.608459E-1
1.735468E1 1.689783E-2 -2.608808E-1
1.737169E1 1.605373E-2 -2.608828E-1
1.738871E1 1.538912E-2 -2.609034E-1
1.740572E1 1.417561E-2 -2.607995E-1
1.742274E1 1.288028E-2 -2.608879E-1
1.743975E1 1.147699E-2 -2.607403E-1
1.745677E1 9.952655E-3 -2.607637E-1
1.747378E1 8.248765E-3 -2.607396E-1
1.749079E1 4.388636E-3 -2.607873E-1
1.750781E1 2.137537E-5 -2.607119E-1
1.752482E1 -1.992918E-3 -2.606182E-1
1.754184E1 -4.211085E-3 -2.606371E-1
1.755885E1 -6.723461E-3 -2.606149E-1
1.757587E1 -8.926988E-3 -2.605010E-1
1.759288E1 -9.930436E-3 -2.598038E-1
1.760990E1 -1.189018E-2 -2.597326E-1
1.762691E1 -1.363216E-2 -2.596712E-1
1.764392E1 -1.552709E-2 -2.596187E-1
1.766094E1 -1.670362E-2 -2.596266E-1
1.767795E1 -1.812797E-2 -2.595440E-1
1.769497E1 -1.651562E-2 -2.587924E-1
1.771198E1 -1.665839E-2 -2.588763E-1
1.772900E1 -1.701078E-2 -2.588186E-1
1.774601E1 -1.697824E-2 -2.588229E-1
1.776302E1 -1.681159E-2 -2.588474E-1
1.778004E1 -1.643298E-2 -2.587975E-1
1.779705E1 -1.559547E-2 -2.588061E-1
1.781407E1 -1.451717E-2 -2.588792E-1
1.783108E1 -1.315509E-2 -2.588110E-1
1.784810E1 -1.200477E-2 -2.589519E-1
1.786511E1 -1.039600E-2 -2.589566E-1
1.788213E1 -1.119531E-2 -2.596778E-1
1.789914E1 -9.218945E-3 -2.597643E-1
1.791615E1 -7.046110E-3 -2.597188E-1
1.793317E1 -4.689090E-3 -2.596960E-1
1.795018E1 -2.638535E-3 -2.598276E-1
1.796720E1 -7.439775E-4 -2.598938E-1
1.798421E1 1.443183E-3 -2.598432E-1
1.800123E1 3.309669E-3 -2.599158E-1
1.801824E1 5.473692E-3 -2.600231E-1
1.803526E1 7.227848E-3 -2.598387E-1
1.805227E1 9.043870E-3 -2.598869E-1
1.806928E1 1.072648E-2 -2.598990E-1
1.808630E1 1.241999E-2 -2.599170E-1
1.810331E1 1.377255E-2 -2.600876E-1
1.812033E1 1.496564E-2 -2.599284E-1
1.813734E1 1.619124E-2 -2.600669E-1
1.815436E1 1.716850E-2 -2.601302E-1
1.817137E1 1.784756E-2 -2.600872E-1
1.818838E1 1.843187E-2 -2.600060E-1
1.820540E1 1.889312E-2 -2.601548E-1
1.822241E1 1.922288E-2 -2.599965E-1
1.823943E1 1.944169E-2 -2.600674E-1
1.825644E1 1.945323E-2 -2.600685E-1
1.827346E1 1.930322E-2 -2.600232E-1
1.829047E1 1.879166E-2 -2.601279E-1
1.830749E1 1.816569E-2 -2.601886E-1
1.832450E1 1.533139E-2 -2.608530E-1
1.834151E1 1.431941E-2 -2.608027E-1
1.835853E1 1.531004E-2 -2.600747E-1
1.837554E1 1.191703E-2 -2.608354E-1
1.839256E1 1.071715E-2 -2.607182E-1
1.840957E1 9.077260E-3 -2.607249E-1
1.842659E1 7.481173E-3 -2.607505E-1
1.844360E1 5.693398E-3 -2.607044E-1
1.846062E1 3.736977E-3 -2.608102E-1
1.847763E1 1.817692E-3 -2.607370E-1
1.849464E1 -3.856798E-4 -2.606241E-1
1.851166E1 -2.426624E-3 -2.606948E-1
1.852867E1 -4.680574E-3 -2.605602E-1
1.854569E1 -6.937611E-3 -2.605814E-1
1.856270E1 -5.675265E-3 -2.598778E-1
1.857972E1 -7.647893E-3 -2.597848E-1
1.859673E1 -9.750596E-3 -2.596737E-1
1.861374E1 -1.129556E-2 -2.596696E-1
1.863076E1 -1.302487E-2 -2.596326E-1
1.864777E1 -1.452397E-2 -2.596257E-1
1.866479E1 -1.598560E-2 -2.596593E-1
1.868180E1 -1.699857E-2 -2.596068E-1
1.869882E1 -1.801086E-2 -2.595531E-1
1.871583E1 -1.877551E-2 -2.595591E-1
1.873285E1 -1.911443E-2 -2.595311E-1
1.874986E1 -1.921856E-2 -2.595959E-1
1.876687E1 -1.926831E-2 -2.596002E-1
1.878389E1 -1.910711E-2 -2.595383E-1
1.880090E1 -1.852682E-2 -2.596152E-1
1.881792E1 -1.758233E-2 -2.596672E-1
1.883493E1 -1.635169E-2 -2.596375E-1
1.885195E1 -1.498289E-2 -2.597416E-1
1.886896E1 -1.332086E-2 -2.597618E-1
1.888597E1 -1.184291E-2 -2.597546E-1
1.890299E1 -9.940109E-3 -2.598143E-1
1.892000E1 -7.998362E-3 -2.597314E-1
1.893702E1 -5.901938E-3 -2.598253E-1
1.895403E1 -7.045894E-3 -2.605623E-1
1.897105E1 -4.931743E-3 -2.606657E-1
1.898806E1 -2.832406E-3 -2.606304E-1
1.900508E1 -7.055434E-4 -2.607321E-1
1.902209E1 1.424530E-3 -2.606774E-1
1.903910E1 3.146969E-3 -2.607026E-1
1.905612E1 5.140701E-3 -2.607865E-1
1.907313E1 6.619319E-3 -2.607523E-1
1.909015E1 8.389431E-3 -2.607863E-1
1.910716E1 9.864712E-3 -2.607425E-1
1.912418E1 1.145203E-2 -2.607184E-1
1.914119E1 1.252086E-2 -2.607936E-1
1.915821E1 1.357669E-2 -2.608571E-1
1.917522E1 1.431218E-2 -2.608367E-1
1.919223E1 1.515092E-2 -2.608373E-1
1.920925E1 1.579322E-2 -2.607980E-1
1.922626E1 1.614534E-2 -2.608974E-1
1.924328E1 1.631561E-2 -2.609474E-1
1.926029E1 1.625982E-2 -2.609333E-1
1.927731E1 1.621159E-2 -2.609208E-1
1.929432E1 1.603156E-2 -2.608807E-1
1.931133E1 1.578782E-2 -2.607944E-1
1.932835E1 1.515984E-2 -2.608335E-1
1.934536E1 1.438097E-2 -2.608574E-1
1.936238E1 1.344330E-2 -2.608309E-1
1.937939E1 1.235252E-2 -2.607462E-1
1.939641E1 1.124489E-2 -2.608831E-1
1.941342E1 9.813339E-3 -2.607166E-1
1.943044E1 8.414972E-3 -2.607801E-1
1.944745E1 6.602268E-3 -2.607322E-1
1.946446E1 5.043277E-3 -2.607422E-1
1.948148E1 3.197903E-3 -2.606838E-1
1.949849E1 1.387649E-3 -2.606251E-1
1.951551E1 -3.555660E-4 -2.606009E-1
1.953252E1 -2.417297E-3 -2.606861E-1
1.954954E1 -4.435414E-3 -2.605999E-1
1.956655E1 -6.741770E-3 -2.606217E-1
1.958356E1 -8.407115E-3 -2.605730E-1
1.960058E1 -1.048497E-2 -2.604762E-1
1.961759E1 -1.262465E-2 -2.605144E-1
1.963461E1 -1.103757E-2 -2.597639E-1
1.965162E1 -1.237021E-2 -2.597861E-1
1.966864E1 -1.377684E-2 -2.596620E-1
1.968565E1 -1.498895E-2 -2.596981E-1
1.970267E1 -1.603069E-2 -2.596514E-1
1.971968E1 -1.684171E-2 -2.596423E-1
1.973669E1 -1.755024E-2 -2.596489E-1
1.975371E1 -1.789341E-2 -2.596049E-1
1.977072E1 -1.794591E-2 -2.595939E-1
1.978774E1 -1.793538E-2 -2.596000E-1
1.980475E1 -1.758878E-2 -2.596488E-1
1.982177E1 -1.703321E-2 -2.596323E-1
1.983878E1 -1.604973E-2 -2.596730E-1
1.985580E1 -1.493728E-2 -2.597342E-1
1.987281E1 -1.364924E-2 -2.597149E-1
1.988982E1 -1.218276E-2 -2.597137E-1
1.990684E1 -1.043589E-2 -2.597330E-1
1.992385E1 -8.699531E-3 -2.597548E-1
1.994087E1 -6.784404E-3 -2.598072E-1
1.995788E1 -4.669397E-3 -2.597238E-1
1.997490E1 -2.830265E-3 -2.597805E-1
1.999191E1 -9.099917E-4 -2.598514E-1
2.000892E1 9.231002E-4 -2.599036E-1
2.002594E1 2.622062E-3 -2.599180E-1
2.004295E1 4.404040E-3 -2.599752E-1
2.005997E1 6.046233E-3 -2.599682E-1
2.007698E1 7.564431E-3 -2.599517E-1
2.009400E1 9.134501E-3 -2.599119E-1
2.011101E1 1.069242E-2 -2.598841E-1
2.012803E1 1.204002E-2 -2.600454E-1
2.014504E1 1.320419E-2 -2.599047E-1
2.016205E1 1.432587E-2 -2.599903E-1
2.017907E1 1.530195E-2 -2.600489E-1
2.019608E1 1.609484E-2 -2.600362E-1
2.021310E1 1.659469E-2 -2.599375E-1
2.023011E1 1.721036E-2 -2.601404E-1
2.024713E1 1.743058E-2 -2.599455E-1
2.026414E1 1.766765E-2 -2.600250E-1
2.028115E1 1.775177E-2 -2.600509E-1
2.029817E1 1.764019E-2 -2.600123E-1
2.031518E1 1.756410E-2 -2.599957E-1
2.033220E1 1.699956E-2 -2.600849E-1
2.034921E1 1.644800E-2 -2.601633E-1
2.036623E1 1.544603E-2 -2.601075E-1
2.038324E1 1.444500E-2 -2.600451E-1
2.040026E1 1.338469E-2 -2.600015E-1
2.041727E1 1.215772E-2 -2.601068E-1
2.043428E1 1.075557E-2 -2.599559E-1
2.045130E1 9.314439E-3 -2.599932E-1
2.046831E1 7.742914E-3 -2.600362E-1
2.048533E1 6.129533E-3 -2.599961E-1
2.050234E1 4.287956E-3 -2.599563E-1
2.051936E1 2.587060E-3 -2.599213E-1
2.053637E1 8.279197E-4 -2.599074E-1
2.055339E1 -9.688683E-4 -2.598285E-1
2.057040E1 -2.777456E-3 -2.597872E-1
2.058741E1 -4.436553E-3 -2.597567E-1
2.060443E1 -6.303533E-3 -2.597019E-1
2.062144E1 -7.852171E-3 -2.597093E-1
2.063846E1 -9.582595E-3 -2.596816E-1
2.065547E1 -1.090648E-2 -2.597172E-1
2.067249E1 -1.231562E-2 -2.595966E-1
2.068950E1 -1.338220E-2 -2.596760E-1
2.070651E1 -1.452974E-2 -2.596205E-1
2.072353E1 -1.554800E-2 -2.595922E-1
2.074054E1 -1.607886E-2 -2.596226E-1
2.075756E1 -1.640531E-2 -2.595812E-1
2.077457E1 -1.653394E-2 -2.595658E-1
2.079159E1 -1.646155E-2 -2.595817E-1
2.080860E1 -1.637157E-2 -2.595984E-1
2.082562E1 -1.610297E-2 -2.596440E-1
2.084263E1 -1.545756E-2 -2.596395E-1
2.085964E1 -1.439599E-2 -2.597041E-1
2.087666E1 -1.311746E-2 -2.596781E-1
2.089367E1 -1.187413E-2 -2.597486E-1
2.091069E1 -1.055489E-2 -2.597018E-1
2.092770E1 -9.011180E-3 -2.598396E-1
2.094472E1 -7.275124E-3 -2.598690E-1
2.096173E1 -5.616824E-3 -2.599018E-1
2.097875E1 -3.937434E-3 -2.599014E-1
2.099576E1 -2.305370E-3 -2.599207E-1
2.101277E1 -6.626854E-4 -2.599261E-1
2.102979E1 1.204003E-3 -2.599727E-1
2.104680E1 2.739917E-3 -2.599679E-1
2.106382E1 4.332796E-3 -2.599562E-1
2.108083E1 5.900708E-3 -2.599414E-1
2.109785E1 7.504814E-3 -2.599297E-1
2.111486E1 9.035016E-3 -2.598868E-1
2.113187E1 1.038609E-2 -2.600450E-1
2.114889E1 1.154573E-2 -2.599031E-1
2.116590E1 1.273689E-2 -2.600212E-1
2.118292E1 1.366403E-2 -2.600551E-1
2.119993E1 1.444794E-2 -2.600385E-1
2.121695E1 1.519693E-2 -2.600170E-1
2.123396E1 1.577910E-2 -2.599391E-1
2.125098E1 1.619460E-2 -2.600798E-1
2.126799E1 1.640485E-2 -2.601557E-1
2.128500E1 1.641026E-2 -2.601572E-1
2.130202E1 1.634704E-2 -2.601383E-1
2.131903E1 1.626078E-2 -2.601190E-1
2.133605E1 1.600214E-2 -2.600244E-1
2.135306E1 1.566816E-2 -2.601637E-1
2.137008E1 1.487208E-2 -2.599212E-1
2.138709E1 1.187145E-2 -2.608037E-1
2.140410E1 1.087292E-2 -2.607741E-1
2.142112E1 9.924727E-3 -2.607410E-1
2.143813E1 8.793960E-3 -2.608649E-1
2.145515E1 7.280841E-3 -2.607008E-1
2.147216E1 5.853178E-3 -2.607503E-1
2.148918E1 4.413154E-3 -2.607876E-1
2.150619E1 2.806664E-3 -2.607767E-1
2.152321E1 1.134602E-3 -2.607694E-1
2.154022E1 -8.504013E-4 -2.606916E-1
2.155723E1 -2.540062E-3 -2.606655E-1
2.157425E1 -4.454668E-3 -2.605945E-1
2.159126E1 -6.171235E-3 -2.605712E-1
2.160828E1 -7.939396E-3 -2.605434E-1
2.162529E1 -9.597697E-3 -2.605187E-1
2.164231E1 -1.126488E-2 -2.604684E-1
2.165932E1 -1.291043E-2 -2.604464E-1
2.167634E1 -1.065732E-2 -2.598315E-1
2.169335E1 -1.199037E-2 -2.597124E-1
2.171036E1 -1.313811E-2 -2.596474E-1
2.172738E1 -1.377442E-2 -2.596499E-1
2.174439E1 -1.459633E-2 -2.596240E-1
2.176141E1 -1.506256E-2 -2.596719E-1
2.177842E1 -1.553090E-2 -2.596235E-1
2.179544E1 -1.550611E-2 -2.596284E-1
2.181245E1 -1.549336E-2 -2.596356E-1
2.182946E1 -1.542077E-2 -2.596460E-1
2.184648E1 -1.484382E-2 -2.596203E-1
2.186349E1 -1.397447E-2 -2.596247E-1
2.188051E1 -1.298502E-2 -2.596802E-1
2.189752E1 -1.193960E-2 -2.597282E-1
2.191454E1 -1.065104E-2 -2.598211E-1
2.193155E1 -9.386850E-3 -2.597747E-1
2.194857E1 -7.821080E-3 -2.597809E-1
2.196558E1 -6.311940E-3 -2.597519E-1
2.198259E1 -4.603748E-3 -2.597477E-1
2.199961E1 -2.883047E-3 -2.597669E-1
2.201662E1 -1.166457E-3 -2.597741E-1
2.203364E1 5.205733E-4 -2.597916E-1
2.205065E1 2.255026E-3 -2.598098E-1
2.206767E1 3.875579E-3 -2.598055E-1
2.208468E1 5.520220E-3 -2.598022E-1
2.210169E1 6.870258E-3 -2.599764E-1
2.211871E1 8.332053E-3 -2.599293E-1
2.213572E1 9.716367E-3 -2.600746E-1
2.215274E1 1.082551E-2 -2.599344E-1
2.216975E1 1.191045E-2 -2.600113E-1
2.218677E1 1.287311E-2 -2.600581E-1
2.220378E1 1.370273E-2 -2.600593E-1
2.222080E1 1.439139E-2 -2.600192E-1
2.223781E1 1.495174E-2 -2.599447E-1
2.225482E1 1.548792E-2 -2.601094E-1
2.227184E1 1.572300E-2 -2.599232E-1
2.228885E1 1.602608E-2 -2.600217E-1
2.230587E1 1.606576E-2 -2.600369E-1
2.232288E1 1.607419E-2 -2.600393E-1
2.233990E1 1.595557E-2 -2.600151E-1
2.235691E1 1.572758E-2 -2.599294E-1
2.237393E1 1.502055E-2 -2.599760E-1
2.239094E1 1.438395E-2 -2.600604E-1
2.240795E1 1.355255E-2 -2.600876E-1
2.242497E1 1.251944E-2 -2.599968E-1
2.244198E1 1.154043E-2 -2.599281E-1
2.245900E1 1.026380E-2 -2.600772E-1
2.247601E1 8.969828E-3 -2.598910E-1
2.249303E1 7.556240E-3 -2.600145E-1
2.251004E1 6.287367E-3 -2.600689E-1
2.252705E1 4.684148E-3 -2.598736E-1
2.254407E1 3.151495E-3 -2.598877E-1
2.256108E1 1.555697E-3 -2.599020E-1
2.257810E1 -1.489786E-4 -2.598699E-1
2.259511E1 -1.616013E-3 -2.598793E-1
2.261213E1 -3.239151E-3 -2.598685E-1
2.262914E1 -4.671090E-3 -2.596840E-1
2.264616E1 -6.295737E-3 -2.597082E-1
2.266317E1 -7.511626E-3 -2.597866E-1
2.268018E1 -9.051586E-3 -2.597854E-1
2.269720E1 -1.030535E-2 -2.597041E-1
2.271421E1 -1.138588E-2 -2.596423E-1
2.273123E1 -1.233026E-2 -2.596050E-1
2.274824E1 -1.298330E-2 -2.596402E-1
2.276526E1 -1.332861E-2 -2.596864E-1
2.278227E1 -1.377464E-2 -2.596136E-1
2.279928E1 -1.402791E-2 -2.595791E-1
2.281630E1 -1.395000E-2 -2.595972E-1
2.283331E1 -1.387033E-2 -2.596133E-1
2.285033E1 -1.356824E-2 -2.596780E-1
2.286734E1 -1.307161E-2 -2.596435E-1
2.288436E1 -1.240176E-2 -2.597660E-1
2.290137E1 -1.151494E-2 -2.597889E-1
2.291839E1 -1.062085E-2 -2.596741E-1
2.293540E1 -9.357258E-3 -2.597618E-1
2.295241E1 -7.798183E-3 -2.597547E-1
2.296943E1 -6.540215E-3 -2.598582E-1
2.298644E1 -4.969678E-3 -2.598493E-1
2.300346E1 -3.576008E-3 -2.597947E-1
2.302047E1 -1.999160E-3 -2.597794E-1
2.303749E1 1.262686E-3 -2.597735E-1
2.305450E1 2.685870E-3 -2.599396E-1
2.307152E1 5.680320E-3 -2.598730E-1
2.308853E1 7.014821E-3 -2.600024E-1
2.310554E1 8.149495E-3 -2.598661E-1
2.312256E1 9.481006E-3 -2.600024E-1
2.313957E1 1.066852E-2 -2.598894E-1
2.315659E1 1.180898E-2 -2.599821E-1
2.317360E1 1.260351E-2 -2.599748E-1
2.319062E1 1.342435E-2 -2.599784E-1
2.320763E1 1.405389E-2 -2.599182E-1
2.322464E1 1.467384E-2 -2.601072E-1
2.324166E1 1.492106E-2 -2.599237E-1
2.325867E1 1.524270E-2 -2.600247E-1
2.327569E1 1.535135E-2 -2.600641E-1
2.329270E1 1.532287E-2 -2.600554E-1
2.330972E1 1.530785E-2 -2.600469E-1
2.332673E1 1.512229E-2 -2.599963E-1
2.334375E1 1.471045E-2 -2.601324E-1
2.336076E1 1.407062E-2 -2.599487E-1
2.337777E1 1.338733E-2 -2.600004E-1
2.339479E1 1.253174E-2 -2.600075E-1
2.341180E1 1.162663E-2 -2.599653E-1
2.342882E1 1.062526E-2 -2.599192E-1
2.344583E1 9.431556E-3 -2.600556E-1
2.346285E1 5.947741E-3 -2.607514E-1
2.347986E1 6.666126E-3 -2.599904E-1
2.349688E1 3.180980E-3 -2.606761E-1
2.351389E1 1.760360E-3 -2.607267E-1
2.353090E1 -8.535370E-5 -2.606935E-1
2.354792E1 -1.467450E-3 -2.607296E-1
2.356493E1 -3.163459E-3 -2.607033E-1
2.358195E1 -4.907529E-3 -2.606589E-1
2.359896E1 -3.613876E-3 -2.598446E-1
2.361598E1 -4.831052E-3 -2.598774E-1
2.363299E1 -6.517629E-3 -2.598562E-1
2.365000E1 -7.723329E-3 -2.597571E-1
2.366702E1 -9.009694E-3 -2.598106E-1
2.368403E1 -1.038875E-2 -2.596986E-1
2.370105E1 -1.108596E-2 -2.597081E-1
2.371806E1 -1.188539E-2 -2.596970E-1
2.373508E1 -1.261383E-2 -2.597021E-1
2.375209E1 -1.313258E-2 -2.596213E-1
2.376911E1 -1.319219E-2 -2.596037E-1
2.378612E1 -1.319023E-2 -2.595948E-1
2.380313E1 -1.306219E-2 -2.596196E-1
2.382015E1 -1.291009E-2 -2.596514E-1
2.383716E1 -1.269187E-2 -2.596898E-1
2.385418E1 -1.221126E-2 -2.596484E-1
2.387119E1 -1.139954E-2 -2.596548E-1
2.388821E1 -1.041800E-2 -2.596975E-1
2.390522E1 -9.410522E-3 -2.597416E-1
2.392223E1 -8.105498E-3 -2.598605E-1
2.393925E1 -6.984842E-3 -2.597638E-1
2.395626E1 -5.627576E-3 -2.598860E-1
2.397328E1 -4.179824E-3 -2.598479E-1
2.399029E1 -2.749965E-3 -2.598008E-1
2.400731E1 -1.300829E-3 -2.599485E-1
2.402432E1 2.677185E-5 -2.598729E-1
2.404134E1 1.528765E-3 -2.598584E-1
2.405835E1 2.902729E-3 -2.599879E-1
2.407536E1 4.312864E-3 -2.599353E-1
2.409238E1 5.619849E-3 -2.598429E-1
2.410939E1 6.957768E-3 -2.599843E-1
2.412641E1 8.051504E-3 -2.600613E-1
2.414342E1 9.056499E-3 -2.598895E-1
2.416044E1 1.016710E-2 -2.599834E-1
2.417745E1 1.111222E-2 -2.600234E-1
2.419447E1 1.185002E-2 -2.599897E-1
2.421148E1 1.265115E-2 -2.599913E-1
2.422849E1 1.329764E-2 -2.599473E-1
2.424551E1 1.370323E-2 -2.600724E-1
2.426252E1 1.393390E-2 -2.601376E-1
2.427954E1 1.404277E-2 -2.599260E-1
2.429655E1 1.417772E-2 -2.599608E-1
2.431357E1 1.425587E-2 -2.599800E-1
2.433058E1 1.428063E-2 -2.599937E-1
2.434759E1 1.402175E-2 -2.599133E-1
2.436461E1 1.362183E-2 -2.600687E-1
2.438162E1 1.301190E-2 -2.601359E-1
2.439864E1 1.220488E-2 -2.601093E-1
2.441565E1 1.138547E-2 -2.601158E-1
2.443267E1 1.029254E-2 -2.600677E-1
2.444968E1 9.237438E-3 -2.599757E-1
2.446670E1 8.083263E-3 -2.598737E-1
2.448371E1 6.908917E-3 -2.600339E-1
2.450072E1 5.702177E-3 -2.599074E-1
2.451774E1 4.241905E-3 -2.599607E-1
2.453475E1 3.038226E-3 -2.598438E-1
2.455177E1 1.568836E-3 -2.599037E-1
2.456878E1 1.098152E-4 -2.599396E-1
2.458580E1 -1.241696E-3 -2.597427E-1
2.460281E1 -2.632261E-3 -2.598213E-1
2.461982E1 -3.833898E-3 -2.596953E-1
2.463684E1 -5.158558E-3 -2.597823E-1
2.465385E1 -6.349098E-3 -2.596801E-1
2.467087E1 -7.433244E-3 -2.597900E-1
2.468788E1 -8.781433E-3 -2.596765E-1
2.470490E1 -9.716770E-3 -2.596461E-1
2.472191E1 -1.034857E-2 -2.596808E-1
2.473893E1 -1.099055E-2 -2.597098E-1
2.475594E1 -1.161319E-2 -2.597411E-1
2.477295E1 -1.212485E-2 -2.596425E-1
2.478997E1 -1.220460E-2 -2.596246E-1
2.480698E1 -1.213857E-2 -2.596379E-1
2.482400E1 -1.209229E-2 -2.596517E-1
2.484101E1 -1.195422E-2 -2.596816E-1
2.485803E1 -1.160651E-2 -2.597410E-1
2.487504E1 -1.110750E-2 -2.597027E-1
2.489206E1 -1.040047E-2 -2.596987E-1
2.490907E1 -9.371605E-3 -2.597531E-1
2.492608E1 -8.378193E-3 -2.597966E-1
2.494310E1 -7.127579E-3 -2.597127E-1
2.496011E1 -5.872395E-3 -2.598251E-1
2.497713E1 -4.699317E-3 -2.599015E-1
2.499414E1 -3.467619E-3 -2.598157E-1
2.501116E1 -2.021165E-3 -2.597721E-1
2.502817E1 -5.924951E-4 -2.599197E-1
2.504518E1 6.367773E-4 -2.598268E-1
2.506220E1 2.033769E-3 -2.599698E-1
2.507921E1 3.395229E-3 -2.599115E-1
2.509623E1 4.579446E-3 -2.600023E-1
2.511324E1 5.785032E-3 -2.598966E-1
2.513026E1 7.086289E-3 -2.600262E-1
2.514727E1 8.110499E-3 -2.598644E-1
2.516429E1 9.182581E-3 -2.599226E-1
2.518130E1 1.016108E-2 -2.599794E-1
2.519831E1 1.093066E-2 -2.599761E-1
2.521533E1 1.168396E-2 -2.599516E-1
2.523234E1 1.292373E-2 -2.600807E-1
2.524936E1 1.318513E-2 -2.599136E-1
2.526637E1 1.346484E-2 -2.599939E-1
2.528339E1 1.359311E-2 -2.600404E-1
2.530040E1 1.362116E-2 -2.600534E-1
2.531741E1 1.360709E-2 -2.600448E-1
2.533443E1 1.351528E-2 -2.600216E-1
2.535144E1 1.321996E-2 -2.599241E-1
2.536846E1 1.272688E-2 -2.600640E-1
2.538547E1 1.212545E-2 -2.601050E-1
2.540249E1 1.127937E-2 -2.601018E-1
2.541950E1 1.023371E-2 -2.600483E-1
2.543652E1 9.506200E-3 -2.600337E-1
2.545353E1 8.250239E-3 -2.599213E-1
2.547054E1 7.266856E-3 -2.599080E-1
2.548756E1 6.364222E-3 -2.598466E-1
2.550457E1 4.995784E-3 -2.599554E-1
2.552159E1 3.808807E-3 -2.598270E-1
2.553860E1 2.471827E-3 -2.599128E-1
2.555562E1 1.346271E-3 -2.598397E-1
2.557263E1 -2.584360E-4 -2.598327E-1
2.558965E1 -1.269874E-3 -2.597320E-1
2.560666E1 -2.721342E-3 -2.598054E-1
2.562367E1 -3.783443E-3 -2.597140E-1
2.564069E1 -5.078717E-3 -2.597998E-1
2.565770E1 -6.247043E-3 -2.597224E-1
2.567472E1 -7.185244E-3 -2.596738E-1
2.569173E1 -8.036175E-3 -2.596512E-1
2.570875E1 -8.947887E-3 -2.597941E-1
2.572576E1 -9.751741E-3 -2.596404E-1
2.574277E1 -1.022316E-2 -2.597069E-1
2.575979E1 -1.075851E-2 -2.597570E-1
2.577680E1 -1.116106E-2 -2.596915E-1
2.579382E1 -1.121603E-2 -2.596779E-1
2.581083E1 -1.122479E-2 -2.596732E-1
2.582785E1 -1.112890E-2 -2.596925E-1
2.584486E1 -1.082283E-2 -2.597439E-1
2.586188E1 -1.063347E-2 -2.596398E-1
2.587889E1 -1.004841E-2 -2.597611E-1
2.589590E1 -9.192599E-3 -2.597758E-1
2.591292E1 -8.304599E-3 -2.597997E-1
2.592993E1 -7.259633E-3 -2.598508E-1
2.594695E1 -6.472265E-3 -2.598614E-1
2.596396E1 -5.063239E-3 -2.598235E-1
2.598098E1 -3.936785E-3 -2.598783E-1
2.599799E1 -2.723317E-3 -2.598091E-1
2.601500E1 -1.510419E-3 -2.599058E-1
2.603202E1 -3.384442E-4 -2.597948E-1
2.604903E1 1.226663E-3 -2.599713E-1
2.606605E1 2.232351E-3 -2.598186E-1
2.608306E1 3.601039E-3 -2.599610E-1
2.610008E1 4.782232E-3 -2.598461E-1
2.611709E1 5.938885E-3 -2.599351E-1
2.613411E1 7.183430E-3 -2.600423E-1
2.615112E1 8.155896E-3 -2.598731E-1
2.616813E1 9.176689E-3 -2.599210E-1
2.618515E1 9.973565E-3 -2.599290E-1
2.620216E1 1.083532E-2 -2.599358E-1
2.621918E1 1.151655E-2 -2.598963E-1
2.623619E1 1.214969E-2 -2.600757E-1
2.625321E1 1.252869E-2 -2.599488E-1
2.627022E1 1.278551E-2 -2.600408E-1
2.628724E1 1.292973E-2 -2.600903E-1
2.630425E1 1.291846E-2 -2.600906E-1
2.632126E1 1.287998E-2 -2.600796E-1
2.633828E1 1.281672E-2 -2.600632E-1
2.635529E1 1.260274E-2 -2.600028E-1
2.637231E1 1.231638E-2 -2.598972E-1
2.638932E1 1.181218E-2 -2.600082E-1
2.640634E1 1.111974E-2 -2.600748E-1
2.642335E1 1.024449E-2 -2.600549E-1
2.644036E1 9.534304E-3 -2.600636E-1
2.645738E1 8.479912E-3 -2.600207E-1
2.647439E1 7.429392E-3 -2.599670E-1
2.649141E1 6.531974E-3 -2.599110E-1
2.650842E1 5.368478E-3 -2.600233E-1
2.652544E1 3.974901E-3 -2.599070E-1
2.654245E1 2.986968E-3 -2.598250E-1
2.655947E1 1.671519E-3 -2.599316E-1
2.657648E1 4.470632E-4 -2.598262E-1
2.659349E1 -7.237357E-4 -2.598960E-1
2.661051E1 -1.977885E-3 -2.597792E-1
2.662752E1 -2.980158E-3 -2.597043E-1
2.664454E1 -4.150168E-3 -2.598133E-1
2.666155E1 -5.250264E-3 -2.597497E-1
2.667857E1 -6.320528E-3 -2.596918E-1
2.669558E1 -7.198422E-3 -2.596689E-1
2.671260E1 -7.883968E-3 -2.596948E-1
2.672961E1 -9.631337E-3 -2.596684E-1
2.674662E1 -9.976759E-3 -2.597565E-1
2.676364E1 -1.035130E-2 -2.596968E-1
2.678065E1 -1.047452E-2 -2.596581E-1
2.679767E1 -1.042905E-2 -2.596698E-1
2.681468E1 -1.038779E-2 -2.596819E-1
2.683170E1 -1.033831E-2 -2.596953E-1
2.684871E1 -1.018924E-2 -2.597264E-1
2.686572E1 -9.686784E-3 -2.596799E-1
2.688274E1 -8.915682E-3 -2.596710E-1
2.689975E1 -8.112582E-3 -2.598197E-1
2.691677E1 -7.211337E-3 -2.596987E-1
2.693378E1 -6.216997E-3 -2.597370E-1
2.695080E1 -5.073683E-3 -2.598076E-1
2.696781E1 -3.832653E-3 -2.597174E-1
2.698483E1 -2.796749E-3 -2.597810E-1
2.700184E1 -1.428316E-3 -2.599106E-1
2.701885E1 -3.868892E-4 -2.597655E-1
2.703587E1 1.071392E-3 -2.599315E-1
2.705288E1 2.189783E-3 -2.597991E-1
2.706990E1 3.376767E-3 -2.599138E-1
2.708691E1 4.552579E-3 -2.599868E-1
2.710393E1 5.605898E-3 -2.598351E-1
2.712094E1 6.771519E-3 -2.599418E-1
2.713795E1 7.677346E-3 -2.599698E-1
2.715497E1 8.561126E-3 -2.599789E-1
2.717198E1 9.339608E-3 -2.599633E-1
2.718900E1 1.015794E-2 -2.599846E-1
2.720601E1 1.080042E-2 -2.599272E-1
2.722303E1 1.140653E-2 -2.600984E-1
2.724004E1 1.171318E-2 -2.599636E-1
2.725706E1 1.202158E-2 -2.600488E-1
2.727407E1 1.234877E-2 -2.599128E-1
2.729108E1 1.251245E-2 -2.599781E-1
2.730810E1 1.253680E-2 -2.599857E-1
2.732511E1 1.251623E-2 -2.599841E-1
2.734213E1 1.242599E-2 -2.599512E-1
2.735914E1 1.010731E-2 -2.607834E-1
2.737616E1 9.731970E-3 -2.608810E-1
2.739317E1 9.039605E-3 -2.607264E-1
