0.000000E0 2.410537E-1 -1.250367E-1
1.680952E-2 2.363487E-1 -1.245003E-1
3.361904E-2 2.314038E-1 -1.277192E-1
5.042857E-2 2.244360E-1 -1.360554E-1
6.723809E-2 2.199768E-1 -1.457311E-1
8.404761E-2 2.181989E-1 -1.563211E-1
1.008571E-1 2.091376E-1 -1.680142E-1
1.176667E-1 1.958237E-1 -1.813380E-1
1.344762E-1 1.809515E-1 -1.940453E-1
1.512857E-1 1.605660E-1 -2.065809E-1
1.680952E-1 1.402278E-1 -2.181967E-1
1.849047E-1 1.193771E-1 -2.306920E-1
2.017143E-1 9.540470E-2 -2.400396E-1
2.185238E-1 7.086789E-2 -2.467665E-1
2.353333E-1 4.545049E-2 -2.501083E-1
2.521428E-1 2.030648E-2 -2.518832E-1
2.689524E-1 -6.365599E-3 -2.523383E-1
2.857619E-1 -3.050155E-2 -2.492121E-1
3.025714E-1 -5.438355E-2 -2.435530E-1
3.193809E-1 -7.480865E-2 -2.358246E-1
3.361904E-1 -9.487578E-2 -2.274978E-1
3.530000E-1 -1.126904E-1 -2.181628E-1
3.698095E-1 -1.283771E-1 -2.082701E-1
3.866190E-1 -1.420344E-1 -1.972824E-1
4.034285E-1 -1.538256E-1 -1.865582E-1
4.202381E-1 -1.637852E-1 -1.764989E-1
4.370476E-1 -1.726079E-1 -1.671573E-1
4.538571E-1 -1.792910E-1 -1.596155E-1
4.706666E-1 -1.845539E-1 -1.530893E-1
4.874761E-1 -1.887846E-1 -1.472015E-1
5.042857E-1 -1.914862E-1 -1.431247E-1
5.210952E-1 -1.932155E-1 -1.407419E-1
5.379047E-1 -1.940734E-1 -1.399911E-1
5.547142E-1 -1.937203E-1 -1.413293E-1
5.715238E-1 -1.928907E-1 -1.442824E-1
5.883333E-1 -1.905634E-1 -1.491910E-1
6.051428E-1 -1.869711E-1 -1.553663E-1
6.219523E-1 -1.810831E-1 -1.629823E-1
6.387618E-1 -1.744882E-1 -1.715499E-1
6.555714E-1 -1.661573E-1 -1.815175E-1
6.723809E-1 -1.553260E-1 -1.923652E-1
6.891904E-1 -1.416036E-1 -2.041372E-1
7.059999E-1 -1.259121E-1 -2.151817E-1
7.228094E-1 -1.076938E-1 -2.255326E-1
7.396190E-1 -8.776975E-2 -2.349207E-1
7.564285E-1 -6.484156E-2 -2.431798E-1
7.732380E-1 -4.127432E-2 -2.488149E-1
7.900475E-1 -1.669845E-2 -2.525993E-1
8.068571E-1 8.831360E-3 -2.535665E-1
8.236666E-1 3.500863E-2 -2.519365E-1
8.404761E-1 6.020704E-2 -2.477381E-1
8.572856E-1 8.363490E-2 -2.416396E-1
8.740951E-1 1.068158E-1 -2.333146E-1
8.909047E-1 1.274688E-1 -2.238256E-1
9.077142E-1 1.472745E-1 -2.128760E-1
9.245237E-1 1.635354E-1 -2.014975E-1
9.413332E-1 1.791115E-1 -1.892222E-1
9.581428E-1 1.917653E-1 -1.782593E-1
9.749523E-1 2.023495E-1 -1.673044E-1
9.917618E-1 2.107693E-1 -1.574837E-1
1.008571E0 2.172713E-1 -1.494566E-1
1.025381E0 2.217957E-1 -1.429155E-1
1.042190E0 2.251792E-1 -1.379464E-1
1.059000E0 2.268895E-1 -1.348841E-1
1.075809E0 2.274534E-1 -1.344417E-1
1.092619E0 2.266872E-1 -1.358184E-1
1.109428E0 2.240211E-1 -1.390583E-1
1.126238E0 2.200932E-1 -1.447363E-1
1.143048E0 2.146224E-1 -1.526652E-1
1.159857E0 2.074567E-1 -1.608642E-1
1.176667E0 1.979469E-1 -1.718472E-1
1.193476E0 1.858949E-1 -1.830074E-1
1.210286E0 1.720635E-1 -1.951592E-1
1.227095E0 1.561358E-1 -2.066322E-1
1.243905E0 1.376632E-1 -2.180797E-1
1.260714E0 1.178003E-1 -2.283246E-1
1.277524E0 9.568508E-2 -2.373223E-1
1.294333E0 7.224192E-2 -2.446905E-1
1.311143E0 4.790750E-2 -2.499983E-1
1.327952E0 2.336023E-2 -2.522793E-1
1.344762E0 -1.382038E-3 -2.529142E-1
1.361571E0 -2.571513E-2 -2.510032E-1
1.378381E0 -4.919395E-2 -2.468820E-1
1.395190E0 -7.117964E-2 -2.408475E-1
1.412000E0 -9.195120E-2 -2.332306E-1
1.428809E0 -1.106493E-1 -2.246625E-1
1.445619E0 -1.273956E-1 -2.150937E-1
1.462428E0 -1.415657E-1 -2.052402E-1
1.479238E0 -1.542011E-1 -1.953087E-1
1.496047E0 -1.645779E-1 -1.856202E-1
1.512857E0 -1.738752E-1 -1.766623E-1
1.529667E0 -1.820970E-1 -1.684009E-1
1.546476E0 -1.879359E-1 -1.613666E-1
1.563286E0 -1.939514E-1 -1.551881E-1
1.580095E0 -1.971355E-1 -1.508029E-1
1.596905E0 -1.992937E-1 -1.480625E-1
1.613714E0 -2.010440E-1 -1.464899E-1
1.630524E0 -2.009802E-1 -1.472390E-1
1.647333E0 -1.987408E-1 -1.507541E-1
1.664143E0 -1.953922E-1 -1.556909E-1
1.680952E0 -1.935962E-1 -1.598392E-1
1.697762E0 -1.878893E-1 -1.675053E-1
1.714571E0 -1.801650E-1 -1.765074E-1
1.731381E0 -1.706191E-1 -1.867672E-1
1.748190E0 -1.586130E-1 -1.973990E-1
1.765000E0 -1.426690E-1 -2.090427E-1
1.781809E0 -1.261465E-1 -2.198651E-1
1.798619E0 -1.071415E-1 -2.298794E-1
1.815428E0 -8.762681E-2 -2.384492E-1
1.832238E0 -6.496453E-2 -2.456456E-1
1.849047E0 -4.163675E-2 -2.508183E-1
1.865857E0 -1.804356E-2 -2.538873E-1
1.882666E0 6.608449E-3 -2.547144E-1
1.899476E0 3.169107E-2 -2.531109E-1
1.916286E0 5.610590E-2 -2.491446E-1
1.933095E0 7.905204E-2 -2.430861E-1
1.949905E0 1.013618E-1 -2.352053E-1
1.966714E0 1.202627E-1 -2.265786E-1
1.983524E0 1.382025E-1 -2.162757E-1
2.000333E0 1.543772E-1 -2.058422E-1
2.017143E0 1.676924E-1 -1.957045E-1
2.033952E0 1.802428E-1 -1.844136E-1
2.050762E0 1.895026E-1 -1.752204E-1
2.067571E0 1.968631E-1 -1.665264E-1
2.084381E0 2.026906E-1 -1.592198E-1
2.101190E0 2.066835E-1 -1.537848E-1
2.118000E0 2.093651E-1 -1.501564E-1
2.134809E0 2.108601E-1 -1.472748E-1
2.151619E0 2.108061E-1 -1.471289E-1
2.168428E0 2.092754E-1 -1.489198E-1
2.185238E0 2.069060E-1 -1.517996E-1
2.202047E0 2.027153E-1 -1.567924E-1
2.218857E0 1.969199E-1 -1.634551E-1
2.235666E0 1.893044E-1 -1.715617E-1
2.252476E0 1.793094E-1 -1.815895E-1
2.269285E0 1.685649E-1 -1.908470E-1
2.286095E0 1.549926E-1 -2.014153E-1
2.302905E0 1.400589E-1 -2.114568E-1
2.319714E0 1.230756E-1 -2.217278E-1
2.336524E0 1.038699E-1 -2.308309E-1
2.353333E0 8.374233E-2 -2.384152E-1
2.370143E0 6.168782E-2 -2.447130E-1
2.386952E0 3.930119E-2 -2.489751E-1
2.403762E0 1.597539E-2 -2.514912E-1
2.420571E0 -6.711997E-3 -2.515810E-1
2.437381E0 -2.966871E-2 -2.500045E-1
2.454190E0 -5.225654E-2 -2.463247E-1
2.471000E0 -7.300858E-2 -2.410841E-1
2.487809E0 -9.257695E-2 -2.341807E-1
2.504619E0 -1.104476E-1 -2.263075E-1
2.521428E0 -1.274806E-1 -2.176724E-1
2.538238E0 -1.418365E-1 -2.083816E-1
2.555047E0 -1.549449E-1 -1.993904E-1
2.571857E0 -1.649454E-1 -1.908716E-1
2.588666E0 -1.742509E-1 -1.823756E-1
2.605476E0 -1.811258E-1 -1.755470E-1
2.622285E0 -1.876855E-1 -1.690983E-1
2.639095E0 -1.922532E-1 -1.641966E-1
2.655904E0 -1.953311E-1 -1.606772E-1
2.672714E0 -1.969082E-1 -1.589127E-1
2.689524E0 -1.971117E-1 -1.588888E-1
2.706333E0 -1.964452E-1 -1.605281E-1
2.723143E0 -1.951084E-1 -1.630502E-1
2.739952E0 -1.912320E-1 -1.680984E-1
2.756762E0 -1.865465E-1 -1.741727E-1
2.773571E0 -1.797050E-1 -1.815188E-1
2.790381E0 -1.715243E-1 -1.900841E-1
2.807190E0 -1.601561E-1 -1.996186E-1
2.824000E0 -1.485099E-1 -2.092051E-1
2.840809E0 -1.335251E-1 -2.191402E-1
2.857619E0 -1.171084E-1 -2.285724E-1
2.874428E0 -9.736400E-2 -2.373301E-1
2.891238E0 -7.686317E-2 -2.448048E-1
2.908047E0 -5.490992E-2 -2.507069E-1
2.924857E0 -3.132591E-2 -2.544670E-1
2.941666E0 -7.673773E-3 -2.560733E-1
2.958476E0 1.561471E-2 -2.557223E-1
2.975285E0 3.880697E-2 -2.531273E-1
2.992095E0 6.083540E-2 -2.488010E-1
3.008904E0 8.257490E-2 -2.422265E-1
3.025714E0 1.019971E-1 -2.348687E-1
3.042523E0 1.202594E-1 -2.258388E-1
3.059333E0 1.357990E-1 -2.163473E-1
3.076143E0 1.500490E-1 -2.065253E-1
3.092952E0 1.617954E-1 -1.972835E-1
3.109762E0 1.717164E-1 -1.881085E-1
3.126571E0 1.801383E-1 -1.796011E-1
3.143381E0 1.866454E-1 -1.716656E-1
3.160190E0 1.907634E-1 -1.665270E-1
3.177000E0 1.941226E-1 -1.618988E-1
3.193809E0 1.948694E-1 -1.605585E-1
3.210619E0 1.949254E-1 -1.598251E-1
3.227428E0 1.949225E-1 -1.589915E-1
3.244238E0 1.924589E-1 -1.615114E-1
3.261047E0 1.891113E-1 -1.647915E-1
3.277857E0 1.842497E-1 -1.699800E-1
3.294666E0 1.775381E-1 -1.764890E-1
3.311476E0 1.694404E-1 -1.840601E-1
3.328285E0 1.490098E-1 -2.004960E-1
3.345095E0 1.218222E-1 -2.182640E-1
3.361904E0 1.053018E-1 -2.266952E-1
3.378714E0 8.631214E-2 -2.349523E-1
3.395523E0 4.730312E-2 -2.459286E-1
3.412333E0 2.553779E-2 -2.493799E-1
3.429143E0 3.350346E-3 -2.509055E-1
3.445952E0 -1.916363E-2 -2.506735E-1
3.462762E0 -4.096214E-2 -2.483598E-1
3.479571E0 -6.175884E-2 -2.445941E-1
3.496381E0 -1.002747E-1 -2.324862E-1
3.513190E0 -1.165381E-1 -2.249128E-1
3.530000E0 -1.319909E-1 -2.165911E-1
3.546809E0 -1.455654E-1 -2.082379E-1
3.563619E0 -1.576159E-1 -1.997764E-1
3.580428E0 -1.671260E-1 -1.923183E-1
3.597238E0 -1.759662E-1 -1.847880E-1
3.614047E0 -1.823651E-1 -1.790680E-1
3.630857E0 -1.883890E-1 -1.735939E-1
3.647666E0 -1.914409E-1 -1.699132E-1
3.664476E0 -1.939661E-1 -1.675726E-1
3.681285E0 -1.951667E-1 -1.664473E-1
3.698095E0 -1.946576E-1 -1.674354E-1
3.714904E0 -1.927984E-1 -1.697706E-1
3.731714E0 -1.894836E-1 -1.738823E-1
3.748523E0 -1.851680E-1 -1.789806E-1
3.765333E0 -1.786425E-1 -1.856932E-1
3.782142E0 -1.708010E-1 -1.934643E-1
3.798952E0 -1.612286E-1 -2.016187E-1
3.815762E0 -1.511619E-1 -2.098858E-1
3.832571E0 -1.352798E-1 -2.199088E-1
3.849381E0 -1.183389E-1 -2.291490E-1
3.866190E0 -1.002652E-1 -2.373487E-1
3.883000E0 -7.977937E-2 -2.446395E-1
3.899809E0 -5.872673E-2 -2.502135E-1
3.916619E0 -3.701206E-2 -2.540405E-1
3.933428E0 -1.416267E-2 -2.558602E-1
3.950238E0 8.780253E-3 -2.558151E-1
3.967047E0 3.038117E-2 -2.538348E-1
3.983857E0 5.185197E-2 -2.499926E-1
4.000666E0 7.158911E-2 -2.446109E-1
4.017476E0 9.011831E-2 -2.379932E-1
4.034285E0 1.075974E-1 -2.297559E-1
4.051095E0 1.225842E-1 -2.214439E-1
4.067904E0 1.357080E-1 -2.129462E-1
4.084714E0 1.475003E-1 -2.039187E-1
4.101523E0 1.573936E-1 -1.955215E-1
4.118333E0 1.657382E-1 -1.871846E-1
4.135142E0 1.724740E-1 -1.799544E-1
4.151952E0 1.765696E-1 -1.748478E-1
4.168761E0 1.790695E-1 -1.714201E-1
4.185571E0 1.823913E-1 -1.664145E-1
4.202381E0 1.823578E-1 -1.663181E-1
4.219190E0 1.823949E-1 -1.654983E-1
4.236000E0 1.808937E-1 -1.667622E-1
4.252809E0 1.775772E-1 -1.700009E-1
4.269619E0 1.733327E-1 -1.741165E-1
4.286428E0 1.674908E-1 -1.797767E-1
4.303238E0 1.608972E-1 -1.858080E-1
4.320047E0 1.515904E-1 -1.938361E-1
4.336857E0 1.417841E-1 -2.015066E-1
4.353666E0 1.300099E-1 -2.097869E-1
4.370476E0 1.166418E-1 -2.181007E-1
4.387285E0 1.010225E-1 -2.264788E-1
4.404095E0 8.400318E-2 -2.341935E-1
4.420904E0 6.544732E-2 -2.406751E-1
4.437714E0 4.622103E-2 -2.456747E-1
4.454523E0 2.683554E-2 -2.491951E-1
4.471333E0 5.390549E-3 -2.515362E-1
4.488142E0 -1.482948E-2 -2.516468E-1
4.504952E0 -3.543398E-2 -2.500917E-1
4.521761E0 -5.561780E-2 -2.467829E-1
4.538571E0 -7.502978E-2 -2.422553E-1
4.555380E0 -9.308625E-2 -2.365552E-1
4.572190E0 -1.098083E-1 -2.299491E-1
4.589000E0 -1.253990E-1 -2.223809E-1
4.605809E0 -1.406576E-1 -2.141906E-1
4.622619E0 -1.521904E-1 -2.065942E-1
4.639428E0 -1.623256E-1 -1.991905E-1
4.656238E0 -1.718651E-1 -1.915146E-1
4.673047E0 -1.786365E-1 -1.857252E-1
4.689857E0 -1.839193E-1 -1.808628E-1
4.706666E0 -1.872754E-1 -1.774269E-1
4.723476E0 -1.909596E-1 -1.740179E-1
4.740285E0 -1.919383E-1 -1.732176E-1
4.757095E0 -1.911855E-1 -1.740621E-1
4.773904E0 -1.890060E-1 -1.766494E-1
4.790714E0 -1.860107E-1 -1.798336E-1
4.807523E0 -1.811012E-1 -1.848670E-1
4.824333E0 -1.737205E-1 -1.915784E-1
4.841142E0 -1.648173E-1 -1.991693E-1
4.857952E0 -1.554218E-1 -2.065888E-1
4.874761E0 -1.427628E-1 -2.149898E-1
4.891571E0 -1.292744E-1 -2.232977E-1
4.908380E0 -1.128879E-1 -2.317372E-1
4.925190E0 -9.456390E-2 -2.392180E-1
4.941999E0 -7.559922E-2 -2.456132E-1
4.958809E0 -5.645868E-2 -2.506842E-1
4.975619E0 -3.532870E-2 -2.541122E-1
4.992428E0 -1.415442E-2 -2.555676E-1
5.009238E0 7.825106E-3 -2.551821E-1
5.026047E0 2.805967E-2 -2.531651E-1
5.042857E0 4.734931E-2 -2.497272E-1
5.059666E0 6.576883E-2 -2.446222E-1
5.076476E0 8.365807E-2 -2.381880E-1
5.093285E0 9.843131E-2 -2.313279E-1
5.110095E0 1.124235E-1 -2.237772E-1
5.126904E0 1.249264E-1 -2.155542E-1
5.143714E0 1.349868E-1 -2.079548E-1
5.160523E0 1.440469E-1 -2.004900E-1
5.177333E0 1.515248E-1 -1.931851E-1
5.194142E0 1.572441E-1 -1.874931E-1
5.210952E0 1.611229E-1 -1.822426E-1
5.227761E0 1.643898E-1 -1.782353E-1
5.244571E0 1.661004E-1 -1.755040E-1
5.261380E0 1.670770E-1 -1.735496E-1
5.278190E0 1.668339E-1 -1.735684E-1
5.294999E0 1.652027E-1 -1.746890E-1
5.311809E0 1.623883E-1 -1.771657E-1
5.328619E0 1.589259E-1 -1.810598E-1
5.345428E0 1.536525E-1 -1.858162E-1
5.362238E0 1.471824E-1 -1.916171E-1
5.379047E0 1.396680E-1 -1.983634E-1
5.395857E0 1.299123E-1 -2.055531E-1
5.412666E0 1.195169E-1 -2.131626E-1
5.429476E0 1.069619E-1 -2.208482E-1
5.446285E0 9.318542E-2 -2.279840E-1
5.463095E0 7.679406E-2 -2.355151E-1
5.479904E0 6.000162E-2 -2.414304E-1
5.496714E0 4.117890E-2 -2.465196E-1
5.513523E0 2.288054E-2 -2.499470E-1
5.530333E0 3.968509E-3 -2.516525E-1
5.547142E0 -1.538554E-2 -2.520644E-1
5.563952E0 -3.546593E-2 -2.510212E-1
5.580761E0 -5.495643E-2 -2.480958E-1
5.597571E0 -7.387431E-2 -2.440761E-1
5.614380E0 -9.106029E-2 -2.388823E-1
5.631190E0 -1.079626E-1 -2.324944E-1
5.647999E0 -1.226810E-1 -2.256396E-1
5.664809E0 -1.363294E-1 -2.182865E-1
5.681618E0 -1.486788E-1 -2.107636E-1
5.698428E0 -1.584333E-1 -2.039634E-1
5.715238E0 -1.662665E-1 -1.981474E-1
5.732047E0 -1.735381E-1 -1.922442E-1
5.748857E0 -1.794192E-1 -1.873789E-1
5.765666E0 -1.830095E-1 -1.842007E-1
5.782476E0 -1.846820E-1 -1.824266E-1
5.799285E0 -1.856889E-1 -1.817771E-1
5.816095E0 -1.847533E-1 -1.825148E-1
5.832904E0 -1.823048E-1 -1.850114E-1
5.849714E0 -1.787883E-1 -1.883124E-1
5.866523E0 -1.730969E-1 -1.933809E-1
5.883333E0 -1.662556E-1 -1.991646E-1
5.900142E0 -1.574564E-1 -2.059897E-1
5.916952E0 -1.464831E-1 -2.133829E-1
5.933761E0 -1.372882E-1 -2.201267E-1
5.950571E0 -1.184863E-1 -2.289179E-1
5.967380E0 -1.053709E-1 -2.358690E-1
5.984190E0 -8.646707E-2 -2.425714E-1
6.000999E0 -6.737707E-2 -2.480783E-1
6.017809E0 -4.917986E-2 -2.522310E-1
6.034618E0 -2.926400E-2 -2.547520E-1
6.051428E0 -9.574828E-3 -2.556814E-1
6.068237E0 1.031176E-2 -2.548635E-1
6.085047E0 2.969748E-2 -2.523964E-1
6.101857E0 4.697494E-2 -2.489022E-1
6.118666E0 6.424603E-2 -2.438340E-1
6.135476E0 8.091006E-2 -2.372516E-1
6.152285E0 9.490109E-2 -2.305133E-1
6.169095E0 1.068065E-1 -2.238459E-1
6.185904E0 1.181787E-1 -2.163369E-1
6.202714E0 1.278433E-1 -2.090119E-1
6.219523E0 1.356913E-1 -2.021635E-1
6.236333E0 1.423857E-1 -1.956039E-1
6.253142E0 1.472131E-1 -1.905257E-1
6.269952E0 1.512826E-1 -1.859937E-1
6.286761E0 1.536614E-1 -1.823189E-1
6.303571E0 1.552865E-1 -1.800835E-1
6.320380E0 1.558184E-1 -1.791294E-1
6.337190E0 1.554648E-1 -1.794988E-1
6.353999E0 1.537196E-1 -1.805328E-1
6.370809E0 1.508291E-1 -1.830659E-1
6.387618E0 1.471269E-1 -1.870042E-1
6.404428E0 1.419264E-1 -1.916559E-1
6.421237E0 1.356056E-1 -1.973912E-1
6.438047E0 1.275313E-1 -2.038256E-1
6.454856E0 1.189780E-1 -2.107456E-1
6.471666E0 1.076692E-1 -2.180701E-1
6.488476E0 9.651539E-2 -2.246581E-1
6.505285E0 8.174592E-2 -2.321789E-1
6.522095E0 6.721397E-2 -2.383915E-1
6.538904E0 5.024745E-2 -2.439842E-1
6.555714E0 3.303928E-2 -2.482053E-1
6.572523E0 1.453149E-2 -2.514230E-1
6.589333E0 -2.673497E-3 -2.524453E-1
6.606142E0 -2.143357E-2 -2.524418E-1
6.622952E0 -4.091574E-2 -2.514896E-1
6.639761E0 -5.849735E-2 -2.483396E-1
6.656571E0 -7.682243E-2 -2.442934E-1
6.673380E0 -9.327988E-2 -2.392190E-1
6.690190E0 -1.104910E-1 -2.326232E-1
6.706999E0 -1.247586E-1 -2.259050E-1
6.723809E0 -1.348122E-1 -2.198607E-1
6.740618E0 -1.478115E-1 -2.124171E-1
6.757428E0 -1.620071E-1 -2.041233E-1
6.774237E0 -1.710753E-1 -1.975313E-1
6.791047E0 -1.770521E-1 -1.923896E-1
6.807856E0 -1.819760E-1 -1.882115E-1
6.824666E0 -1.859693E-1 -1.848628E-1
6.841475E0 -1.878176E-1 -1.833486E-1
6.858285E0 -1.878813E-1 -1.833439E-1
6.875095E0 -1.859921E-1 -1.847863E-1
6.891904E0 -1.836694E-1 -1.874862E-1
6.908714E0 -1.790030E-1 -1.918609E-1
6.925523E0 -1.720262E-1 -1.974628E-1
6.942333E0 -1.571296E-1 -2.065489E-1
6.959142E0 -1.475323E-1 -2.133284E-1
6.975952E0 -1.373127E-1 -2.200118E-1
6.992761E0 -1.220841E-1 -2.275301E-1
7.009571E0 -1.088049E-1 -2.342491E-1
7.026380E0 -9.131422E-2 -2.408028E-1
7.043190E0 -7.425861E-2 -2.462183E-1
7.059999E0 -5.676698E-2 -2.506583E-1
7.076809E0 -3.751820E-2 -2.533431E-1
7.093618E0 -1.866983E-2 -2.548436E-1
7.110428E0 -3.076726E-4 -2.548689E-1
7.127237E0 1.809480E-2 -2.531656E-1
7.144047E0 3.646929E-2 -2.500217E-1
7.160856E0 5.237785E-2 -2.455329E-1
7.177666E0 6.755336E-2 -2.405085E-1
7.194475E0 8.148202E-2 -2.346781E-1
7.211285E0 9.371986E-2 -2.283393E-1
7.228094E0 1.046019E-1 -2.214305E-1
7.244904E0 1.144389E-1 -2.147422E-1
7.261714E0 1.227867E-1 -2.081537E-1
7.278523E0 1.295733E-1 -2.021643E-1
7.295333E0 1.351235E-1 -1.966167E-1
7.312142E0 1.398774E-1 -1.915159E-1
7.328952E0 1.430142E-1 -1.882255E-1
7.345761E0 1.450280E-1 -1.854985E-1
7.362571E0 1.462381E-1 -1.840945E-1
7.379380E0 1.461875E-1 -1.837840E-1
7.396190E0 1.453852E-1 -1.844041E-1
7.412999E0 1.434249E-1 -1.859874E-1
7.429809E0 1.401267E-1 -1.890199E-1
7.446618E0 1.360976E-1 -1.931902E-1
7.463428E0 1.307543E-1 -1.980667E-1
7.480237E0 1.242443E-1 -2.038418E-1
7.497047E0 1.167785E-1 -2.099125E-1
7.513856E0 1.073260E-1 -2.169234E-1
7.530666E0 9.665420E-2 -2.231065E-1
7.547475E0 8.453990E-2 -2.299445E-1
7.564285E0 7.008640E-2 -2.364392E-1
7.581094E0 5.659726E-2 -2.414235E-1
7.597904E0 3.956652E-2 -2.465257E-1
7.614714E0 2.191100E-2 -2.505714E-1
7.631523E0 5.225487E-3 -2.523732E-1
7.648333E0 -1.305638E-2 -2.532081E-1
7.665142E0 -2.865517E-2 -2.524624E-1
7.681952E0 -4.666496E-2 -2.508343E-1
7.698761E0 -6.439758E-2 -2.475020E-1
7.715571E0 -8.105438E-2 -2.432407E-1
7.732380E0 -9.642058E-2 -2.382846E-1
7.749190E0 -1.114714E-1 -2.324127E-1
7.765999E0 -1.267592E-1 -2.256322E-1
7.782809E0 -1.390462E-1 -2.191603E-1
7.799618E0 -1.500796E-1 -2.125926E-1
7.816428E0 -1.604628E-1 -2.058103E-1
7.833237E0 -1.684401E-1 -2.000556E-1
7.850047E0 -1.739096E-1 -1.958248E-1
7.866856E0 -1.777632E-1 -1.923849E-1
7.883666E0 -1.796274E-1 -1.907617E-1
7.900475E0 -1.808785E-1 -1.901423E-1
7.917285E0 -1.796661E-1 -1.907948E-1
7.934094E0 -1.780310E-1 -1.925738E-1
7.950904E0 -1.711304E-1 -1.973882E-1
7.967713E0 -1.664135E-1 -2.016936E-1
7.984523E0 -1.604300E-1 -2.066666E-1
8.001333E0 -1.503055E-1 -2.132771E-1
8.018142E0 -1.396575E-1 -2.200527E-1
8.034952E0 -1.209494E-1 -2.281866E-1
8.051761E0 -1.070878E-1 -2.347536E-1
8.068571E0 -9.225192E-2 -2.406379E-1
8.085380E0 -7.615209E-2 -2.459875E-1
8.102190E0 -6.001857E-2 -2.500956E-1
8.118999E0 -4.155049E-2 -2.528084E-1
8.135809E0 -2.574598E-2 -2.547819E-1
8.152618E0 -6.709404E-3 -2.548226E-1
8.169428E0 1.004127E-2 -2.539292E-1
8.186237E0 2.759356E-2 -2.514078E-1
8.203047E0 4.270331E-2 -2.480568E-1
8.219856E0 5.703928E-2 -2.438694E-1
8.236666E0 7.165209E-2 -2.380436E-1
8.253475E0 8.420653E-2 -2.321761E-1
8.270285E0 9.588733E-2 -2.255732E-1
8.287094E0 1.051145E-1 -2.196661E-1
8.303904E0 1.141662E-1 -2.130886E-1
8.320713E0 1.213913E-1 -2.072785E-1
8.337523E0 1.266543E-1 -2.021477E-1
8.354332E0 1.314562E-1 -1.975973E-1
8.371142E0 1.351463E-1 -1.935271E-1
8.387952E0 1.375011E-1 -1.906586E-1
8.404761E0 1.389664E-1 -1.890272E-1
8.421571E0 1.394394E-1 -1.883627E-1
8.438380E0 1.392628E-1 -1.883348E-1
8.455190E0 1.376961E-1 -1.899473E-1
8.471999E0 1.351109E-1 -1.924074E-1
8.488809E0 1.316260E-1 -1.957675E-1
8.505618E0 1.272011E-1 -2.004234E-1
8.522428E0 1.207211E-1 -2.054568E-1
8.539237E0 1.133925E-1 -2.113533E-1
8.556047E0 1.051370E-1 -2.173024E-1
8.572856E0 9.584318E-2 -2.231367E-1
8.589666E0 8.414622E-2 -2.297327E-1
8.606475E0 7.184404E-2 -2.356519E-1
8.623285E0 5.706958E-2 -2.415124E-1
8.640094E0 4.269030E-2 -2.457371E-1
8.656904E0 2.656159E-2 -2.497264E-1
8.673713E0 1.228385E-2 -2.516599E-1
8.690523E0 -6.269865E-3 -2.532531E-1
8.707332E0 -2.309377E-2 -2.531596E-1
8.724142E0 -3.895416E-2 -2.519334E-1
8.740951E0 -7.232200E-2 -2.456002E-1
8.757761E0 -8.940899E-2 -2.409182E-1
8.774571E0 -1.034147E-1 -2.359171E-1
8.791380E0 -1.144947E-1 -2.306281E-1
8.808190E0 -1.325591E-1 -2.234141E-1
8.824999E0 -1.422614E-1 -2.174489E-1
8.841809E0 -1.517007E-1 -2.117070E-1
8.858618E0 -1.603196E-1 -2.059546E-1
8.875428E0 -1.662134E-1 -2.016663E-1
8.892237E0 -1.737221E-1 -1.959041E-1
8.909047E0 -1.714894E-1 -1.975532E-1
8.925856E0 -1.672557E-1 -2.008237E-1
8.942666E0 -1.617088E-1 -2.051320E-1
8.959475E0 -1.503614E-1 -2.115407E-1
8.976285E0 -1.406694E-1 -2.174575E-1
8.993094E0 -1.302548E-1 -2.232448E-1
9.009904E0 -1.194061E-1 -2.291665E-1
9.026713E0 -1.068740E-1 -2.350560E-1
9.043523E0 -9.163210E-2 -2.407367E-1
9.060332E0 -7.633717E-2 -2.456625E-1
9.077142E0 -6.083416E-2 -2.496818E-1
9.093951E0 -4.350264E-2 -2.525266E-1
9.110761E0 -2.666888E-2 -2.541147E-1
9.127570E0 -1.094310E-2 -2.547460E-1
9.144380E0 5.922740E-3 -2.539115E-1
9.161190E0 2.284877E-2 -2.515307E-1
9.177999E0 3.845766E-2 -2.481185E-1
9.194809E0 5.335086E-2 -2.438861E-1
9.211618E0 6.680871E-2 -2.388739E-1
9.228428E0 7.933648E-2 -2.331018E-1
9.245237E0 8.918547E-2 -2.280398E-1
9.262047E0 9.908467E-2 -2.221645E-1
9.278856E0 1.075552E-1 -2.163573E-1
9.295666E0 1.143198E-1 -2.113190E-1
9.312475E0 1.210222E-1 -2.059162E-1
9.329285E0 1.256912E-1 -2.013374E-1
9.346094E0 1.294041E-1 -1.980187E-1
9.362904E0 1.324154E-1 -1.948757E-1
9.379713E0 1.343110E-1 -1.932323E-1
9.396523E0 1.350067E-1 -1.924069E-1
9.413332E0 1.350019E-1 -1.923974E-1
9.430142E0 1.342082E-1 -1.933485E-1
9.446951E0 1.316665E-1 -1.956850E-1
9.463761E0 1.281489E-1 -1.994569E-1
9.480570E0 1.233454E-1 -2.031477E-1
9.497380E0 1.174991E-1 -2.080435E-1
9.514190E0 1.111866E-1 -2.134268E-1
9.530999E0 1.028537E-1 -2.190935E-1
9.547809E0 9.351744E-2 -2.248659E-1
9.564618E0 8.175128E-2 -2.313397E-1
9.581428E0 7.075888E-2 -2.364311E-1
9.598237E0 5.791681E-2 -2.416080E-1
9.615047E0 4.440584E-2 -2.456889E-1
9.631856E0 2.820611E-2 -2.497506E-1
9.648666E0 1.478936E-2 -2.517063E-1
9.665475E0 -2.442228E-3 -2.531966E-1
9.682285E0 -1.848977E-2 -2.534466E-1
9.699094E0 -3.607048E-2 -2.524063E-1
9.715904E0 -5.159765E-2 -2.505476E-1
9.732713E0 -6.821049E-2 -2.470206E-1
9.749523E0 -8.173333E-2 -2.431794E-1
9.766332E0 -9.937695E-2 -2.382392E-1
9.783142E0 -1.143342E-1 -2.324290E-1
9.799951E0 -1.235328E-1 -2.273177E-1
9.816761E0 -1.353985E-1 -2.215256E-1
9.833570E0 -1.456288E-1 -2.158903E-1
9.850380E0 -1.532298E-1 -2.109552E-1
9.867189E0 -1.594291E-1 -2.066597E-1
9.883999E0 -1.643197E-1 -2.033173E-1
9.900809E0 -1.663716E-1 -2.015990E-1
9.917618E0 -1.673741E-1 -2.008309E-1
9.934428E0 -1.674623E-1 -2.008834E-1
9.951237E0 -1.653512E-1 -2.024510E-1
9.968047E0 -1.602490E-1 -2.057339E-1
9.984856E0 -1.540096E-1 -2.100525E-1
1.000167E1 -1.376477E-1 -2.198696E-1
1.001848E1 -1.265910E-1 -2.258192E-1
1.003528E1 -1.141907E-1 -2.316589E-1
1.005209E1 -1.032603E-1 -2.366989E-1
1.006890E1 -9.041388E-2 -2.416431E-1
1.008571E1 -7.425849E-2 -2.460320E-1
1.010252E1 -5.960014E-2 -2.498663E-1
1.011933E1 -4.341836E-2 -2.523676E-1
1.013614E1 -2.795828E-2 -2.540445E-1
1.015295E1 -1.275574E-2 -2.548039E-1
1.016976E1 3.370981E-3 -2.539106E-1
1.018657E1 2.087063E-2 -2.514157E-1
1.020338E1 3.457689E-2 -2.489472E-1
1.022019E1 4.937675E-2 -2.447545E-1
1.023700E1 6.159645E-2 -2.405236E-1
1.025381E1 7.358908E-2 -2.355669E-1
1.027062E1 8.519137E-2 -2.297626E-1
1.028743E1 9.414443E-2 -2.246517E-1
1.030424E1 1.032248E-1 -2.188868E-1
1.032105E1 1.102352E-1 -2.139197E-1
1.033786E1 1.158568E-1 -2.096388E-1
1.035467E1 1.208574E-1 -2.054892E-1
1.037148E1 1.248545E-1 -2.021190E-1
1.038828E1 1.277215E-1 -1.996783E-1
1.040509E1 1.295476E-1 -1.979899E-1
1.042190E1 1.304299E-1 -1.971502E-1
1.043871E1 1.303533E-1 -1.971876E-1
1.045552E1 1.293860E-1 -1.983517E-1
1.047233E1 1.269240E-1 -2.005316E-1
1.048914E1 1.241516E-1 -2.030479E-1
1.050595E1 1.193371E-1 -2.071584E-1
1.052276E1 1.141357E-1 -2.113790E-1
1.053957E1 1.075731E-1 -2.163950E-1
1.055638E1 1.003228E-1 -2.215131E-1
1.057319E1 9.064347E-2 -2.273776E-1
1.059000E1 8.117428E-2 -2.323322E-1
1.060681E1 6.839795E-2 -2.381002E-1
1.062362E1 5.522089E-2 -2.431370E-1
1.064043E1 4.101037E-2 -2.472996E-1
1.065724E1 2.699062E-2 -2.506752E-1
1.067405E1 1.281690E-2 -2.524246E-1
1.069086E1 -4.502300E-3 -2.540682E-1
1.070767E1 -2.000380E-2 -2.540136E-1
1.072448E1 -3.410735E-2 -2.526200E-1
1.074128E1 -4.968263E-2 -2.508987E-1
1.075809E1 -6.501443E-2 -2.476350E-1
1.077490E1 -7.923104E-2 -2.440292E-1
1.079171E1 -9.727688E-2 -2.392570E-1
1.080852E1 -1.044932E-1 -2.349002E-1
1.082533E1 -1.164844E-1 -2.298938E-1
1.084214E1 -1.324436E-1 -2.234927E-1
1.085895E1 -1.411984E-1 -2.183662E-1
1.087576E1 -1.400213E-1 -2.167812E-1
1.089257E1 -1.454728E-1 -2.131848E-1
1.090938E1 -1.490957E-1 -2.109336E-1
1.092619E1 -1.513901E-1 -2.091549E-1
1.094300E1 -1.526006E-1 -2.082130E-1
1.095981E1 -1.527769E-1 -2.083466E-1
1.097662E1 -1.507606E-1 -2.101459E-1
1.099343E1 -1.488737E-1 -2.117529E-1
1.101024E1 -1.438657E-1 -2.149457E-1
1.102705E1 -1.370715E-1 -2.190514E-1
1.104386E1 -1.278345E-1 -2.239763E-1
1.106067E1 -1.202658E-1 -2.283015E-1
1.107748E1 -1.152613E-1 -2.324978E-1
1.109428E1 -9.877720E-2 -2.382921E-1
1.111109E1 -8.405806E-2 -2.430141E-1
1.112790E1 -7.041023E-2 -2.467664E-1
1.114471E1 -5.555088E-2 -2.501354E-1
1.116152E1 -4.061860E-2 -2.522931E-1
1.117833E1 -2.730695E-2 -2.539705E-1
1.119514E1 -9.960491E-3 -2.539059E-1
1.121195E1 5.234764E-3 -2.531272E-1
1.122876E1 2.030420E-2 -2.513955E-1
1.124557E1 3.518719E-2 -2.481422E-1
1.126238E1 4.834112E-2 -2.447124E-1
1.127919E1 6.068133E-2 -2.405875E-1
1.129600E1 7.241118E-2 -2.354925E-1
1.131281E1 8.313770E-2 -2.306182E-1
1.132962E1 9.222449E-2 -2.255335E-1
1.134643E1 1.004103E-1 -2.205551E-1
1.136324E1 1.075629E-1 -2.157020E-1
1.138005E1 1.134718E-1 -2.114935E-1
1.139686E1 1.186298E-1 -2.078133E-1
1.141367E1 1.222014E-1 -2.047598E-1
1.143048E1 1.249999E-1 -2.022440E-1
1.144728E1 1.270097E-1 -2.008684E-1
1.146409E1 1.279359E-1 -2.003805E-1
1.148090E1 1.275555E-1 -2.004668E-1
1.149771E1 1.267700E-1 -2.015581E-1
1.151452E1 1.242999E-1 -2.039173E-1
1.153133E1 1.215425E-1 -2.064487E-1
1.154814E1 1.167771E-1 -2.106965E-1
1.156495E1 1.112632E-1 -2.150441E-1
1.158176E1 1.044307E-1 -2.197921E-1
1.159857E1 9.659078E-2 -2.247308E-1
1.161538E1 8.798007E-2 -2.298810E-1
1.163219E1 7.767638E-2 -2.348707E-1
1.164900E1 6.577126E-2 -2.397676E-1
1.166581E1 5.244859E-2 -2.447043E-1
1.168262E1 3.960463E-2 -2.482444E-1
1.169943E1 2.454822E-2 -2.514698E-1
1.171624E1 9.711565E-3 -2.532608E-1
1.173305E1 -5.329238E-3 -2.541146E-1
1.174986E1 -2.145456E-2 -2.540124E-1
1.176667E1 -3.511567E-2 -2.524628E-1
1.178347E1 -5.013006E-2 -2.508367E-1
1.180028E1 -6.470854E-2 -2.475941E-1
1.181709E1 -7.917273E-2 -2.441114E-1
1.183390E1 -9.143956E-2 -2.398592E-1
1.185071E1 -1.030097E-1 -2.356254E-1
1.186752E1 -1.193091E-1 -2.299209E-1
1.188433E1 -1.269950E-1 -2.256668E-1
1.190114E1 -1.372546E-1 -2.207452E-1
1.191795E1 -1.441323E-1 -2.167840E-1
1.193476E1 -1.494082E-1 -2.132911E-1
1.195157E1 -1.533838E-1 -2.109501E-1
1.196838E1 -1.539488E-1 -2.100196E-1
1.198519E1 -1.556019E-1 -2.092156E-1
1.200200E1 -1.537612E-1 -2.099701E-1
1.201881E1 -1.489100E-1 -2.125001E-1
1.203562E1 -1.497608E-1 -2.133311E-1
1.205243E1 -1.389458E-1 -2.183072E-1
1.206924E1 -1.310327E-1 -2.223501E-1
1.208605E1 -1.275013E-1 -2.258315E-1
1.210286E1 -1.130201E-1 -2.315072E-1
1.211967E1 -1.031248E-1 -2.358020E-1
1.213647E1 -9.126316E-2 -2.400662E-1
1.215328E1 -7.862510E-2 -2.444708E-1
1.217009E1 -6.467046E-2 -2.476656E-1
1.218690E1 -5.088446E-2 -2.505911E-1
1.220371E1 -3.685192E-2 -2.523211E-1
1.222052E1 -2.090911E-2 -2.531502E-1
1.223733E1 -5.881025E-3 -2.531369E-1
1.225414E1 8.478004E-3 -2.522572E-1
1.227095E1 2.247781E-2 -2.505987E-1
1.228776E1 3.576138E-2 -2.479982E-1
1.230457E1 4.899639E-2 -2.447078E-1
1.232138E1 6.080315E-2 -2.405056E-1
1.233819E1 7.191081E-2 -2.363128E-1
1.235500E1 8.257546E-2 -2.313813E-1
1.237181E1 9.177661E-2 -2.263805E-1
1.238862E1 9.919671E-2 -2.221427E-1
1.240543E1 1.064030E-1 -2.180012E-1
1.242224E1 1.122189E-1 -2.139059E-1
1.243905E1 1.167182E-1 -2.105319E-1
1.245586E1 1.203263E-1 -2.079972E-1
1.247267E1 1.234131E-1 -2.057409E-1
1.248947E1 1.248333E-1 -2.048604E-1
1.250628E1 1.253216E-1 -2.046348E-1
1.252309E1 1.251634E-1 -2.049510E-1
1.253990E1 1.236686E-1 -2.063568E-1
1.255671E1 1.209204E-1 -2.088023E-1
1.257352E1 1.178921E-1 -2.117634E-1
1.259033E1 1.135097E-1 -2.149718E-1
1.260714E1 1.078940E-1 -2.193666E-1
1.262395E1 1.005103E-1 -2.240386E-1
1.264076E1 9.175454E-2 -2.288699E-1
1.265757E1 8.197698E-2 -2.339133E-1
1.267438E1 7.253453E-2 -2.381861E-1
1.269119E1 5.989658E-2 -2.430145E-1
1.270800E1 4.802356E-2 -2.466533E-1
1.272481E1 3.454831E-2 -2.499612E-1
1.274162E1 2.246032E-2 -2.515427E-1
1.275843E1 7.409656E-3 -2.532785E-1
1.277524E1 -8.218896E-3 -2.540455E-1
1.279205E1 -2.260240E-2 -2.534543E-1
1.280886E1 -3.768718E-2 -2.522212E-1
1.282567E1 -5.153546E-2 -2.503383E-1
1.284247E1 -6.623210E-2 -2.472243E-1
1.285928E1 -7.837943E-2 -2.439820E-1
1.287609E1 -9.150628E-2 -2.398412E-1
1.289290E1 -1.027546E-1 -2.356743E-1
1.290971E1 -1.166822E-1 -2.308263E-1
1.292652E1 -1.247785E-1 -2.266042E-1
1.294333E1 -1.300616E-1 -2.233664E-1
1.296014E1 -1.411500E-1 -2.182714E-1
1.297695E1 -1.447744E-1 -2.158852E-1
1.299376E1 -1.495539E-1 -2.133281E-1
1.301057E1 -1.503568E-1 -2.124295E-1
1.302738E1 -1.480300E-1 -2.132508E-1
1.304419E1 -1.485837E-1 -2.132233E-1
1.306100E1 -1.406851E-1 -2.166392E-1
1.307781E1 -1.368407E-1 -2.189858E-1
1.309462E1 -1.302622E-1 -2.223732E-1
1.311143E1 -1.253883E-1 -2.257312E-1
1.312824E1 -1.163567E-1 -2.298993E-1
1.314505E1 -1.059152E-1 -2.341021E-1
1.316186E1 -9.770162E-2 -2.382129E-1
1.317867E1 -8.460602E-2 -2.422679E-1
1.319547E1 -7.163556E-2 -2.456781E-1
1.321228E1 -5.885777E-2 -2.490126E-1
1.322909E1 -4.471150E-2 -2.514982E-1
1.324590E1 -2.950008E-2 -2.525105E-1
1.326271E1 -1.555648E-2 -2.532183E-1
1.327952E1 -2.229422E-3 -2.531213E-1
1.329633E1 1.088349E-2 -2.521971E-1
1.331314E1 2.515696E-2 -2.505529E-1
1.332995E1 3.947759E-2 -2.472921E-1
1.334676E1 5.236073E-2 -2.438733E-1
1.336357E1 6.402426E-2 -2.397409E-1
1.338038E1 7.506133E-2 -2.355761E-1
1.339719E1 8.431115E-2 -2.314096E-1
1.341400E1 9.248762E-2 -2.271692E-1
1.343081E1 1.002957E-1 -2.230167E-1
1.344762E1 1.074000E-1 -2.188469E-1
1.346443E1 1.124804E-1 -2.155312E-1
1.348124E1 1.167825E-1 -2.129667E-1
1.349805E1 1.200638E-1 -2.105268E-1
1.351486E1 1.225390E-1 -2.088799E-1
1.353167E1 1.240711E-1 -2.080051E-1
1.354847E1 1.243484E-1 -2.080822E-1
1.356528E1 1.235026E-1 -2.090099E-1
1.358209E1 1.217069E-1 -2.105767E-1
1.359890E1 1.190089E-1 -2.129489E-1
1.361571E1 1.143789E-1 -2.163787E-1
1.363252E1 1.098532E-1 -2.196261E-1
1.364933E1 1.033404E-1 -2.238708E-1
1.366614E1 9.598443E-2 -2.281325E-1
1.368295E1 8.828935E-2 -2.322174E-1
1.369976E1 7.749863E-2 -2.372461E-1
1.371657E1 6.663549E-2 -2.414012E-1
1.373338E1 5.631346E-2 -2.449160E-1
1.375019E1 4.141214E-2 -2.491227E-1
1.376700E1 2.873694E-2 -2.514978E-1
1.378381E1 1.421067E-2 -2.531935E-1
1.380062E1 3.164401E-4 -2.541596E-1
1.381743E1 -1.417052E-2 -2.540992E-1
1.383424E1 -2.875028E-2 -2.532975E-1
1.385105E1 -4.154996E-2 -2.518084E-1
1.386786E1 -5.616915E-2 -2.493100E-1
1.388467E1 -6.995198E-2 -2.459804E-1
1.390147E1 -8.221927E-2 -2.425409E-1
1.391828E1 -9.352493E-2 -2.389016E-1
1.393509E1 -1.033571E-1 -2.349440E-1
1.395190E1 -1.142813E-1 -2.306450E-1
1.396871E1 -1.200443E-1 -2.275108E-1
1.398552E1 -1.369137E-1 -2.197858E-1
1.400233E1 -1.359873E-1 -2.189494E-1
1.401914E1 -1.387582E-1 -2.173772E-1
1.403595E1 -1.381274E-1 -2.173709E-1
1.405276E1 -1.381917E-1 -2.174283E-1
1.406957E1 -1.367720E-1 -2.181430E-1
1.408638E1 -1.348214E-1 -2.198855E-1
1.410319E1 -1.296210E-1 -2.224392E-1
1.412000E1 -1.237451E-1 -2.256498E-1
1.413681E1 -1.164083E-1 -2.290428E-1
1.415362E1 -1.118589E-1 -2.323001E-1
1.417043E1 -9.932184E-2 -2.365398E-1
1.418724E1 -9.056510E-2 -2.400192E-1
1.420405E1 -7.676229E-2 -2.440772E-1
1.422086E1 -6.375827E-2 -2.470036E-1
1.423767E1 -5.172731E-2 -2.496948E-1
1.425447E1 -3.737771E-2 -2.514524E-1
1.427128E1 -2.304405E-2 -2.523854E-1
1.428809E1 -8.690979E-3 -2.524533E-1
1.430490E1 3.410554E-3 -2.522041E-1
1.432171E1 1.852334E-2 -2.507665E-1
1.433852E1 3.069449E-2 -2.489173E-1
1.435533E1 4.267908E-2 -2.463064E-1
1.437214E1 5.519473E-2 -2.430279E-1
1.438895E1 6.659000E-2 -2.389624E-1
1.440576E1 7.650732E-2 -2.354673E-1
1.442257E1 8.593776E-2 -2.313241E-1
1.443938E1 9.406634E-2 -2.271324E-1
1.445619E1 1.018546E-1 -2.232035E-1
1.447300E1 1.076793E-1 -2.198285E-1
1.448981E1 1.123942E-1 -2.170937E-1
1.450662E1 1.163584E-1 -2.147174E-1
1.452343E1 1.194271E-1 -2.129547E-1
1.454024E1 1.210830E-1 -2.121438E-1
1.455705E1 1.221120E-1 -2.117782E-1
1.457386E1 1.216670E-1 -2.121262E-1
1.459067E1 1.208325E-1 -2.130287E-1
1.460747E1 1.187894E-1 -2.150545E-1
1.462428E1 1.153370E-1 -2.176542E-1
1.464109E1 1.106532E-1 -2.209640E-1
1.465790E1 1.052691E-1 -2.242524E-1
1.467471E1 9.834866E-2 -2.281376E-1
1.469152E1 9.063952E-2 -2.323308E-1
1.470833E1 8.153429E-2 -2.363381E-1
1.472514E1 7.108490E-2 -2.406828E-1
1.474195E1 5.957531E-2 -2.447806E-1
1.475876E1 4.705144E-2 -2.481867E-1
1.477557E1 3.484030E-2 -2.509361E-1
1.479238E1 2.198220E-2 -2.524173E-1
1.480919E1 6.703237E-3 -2.539930E-1
1.482600E1 -6.197533E-3 -2.541641E-1
1.484281E1 -2.206389E-2 -2.540528E-1
1.485962E1 -3.454718E-2 -2.524193E-1
1.487643E1 -4.793834E-2 -2.508543E-1
1.489324E1 -6.117144E-2 -2.481840E-1
1.491005E1 -7.457173E-2 -2.450950E-1
1.492686E1 -8.424376E-2 -2.415268E-1
1.494367E1 -9.462972E-2 -2.381402E-1
1.496047E1 -1.043378E-1 -2.340640E-1
1.497728E1 -1.124265E-1 -2.307474E-1
1.499409E1 -1.187661E-1 -2.274465E-1
1.501090E1 -1.239405E-1 -2.248642E-1
1.502771E1 -1.285282E-1 -2.223431E-1
1.504452E1 -1.314910E-1 -2.207398E-1
1.506133E1 -1.335594E-1 -2.197669E-1
1.507814E1 -1.335212E-1 -2.197447E-1
1.509495E1 -1.339663E-1 -2.198631E-1
1.511176E1 -1.297281E-1 -2.215448E-1
1.512857E1 -1.273296E-1 -2.232589E-1
1.514538E1 -1.232128E-1 -2.257029E-1
1.516219E1 -1.151369E-1 -2.289585E-1
1.517900E1 -1.093372E-1 -2.322658E-1
1.519581E1 -9.963379E-2 -2.357251E-1
1.521262E1 -9.399801E-2 -2.390863E-1
1.522943E1 -7.917297E-2 -2.427904E-1
1.524624E1 -6.710003E-2 -2.455727E-1
1.526305E1 -5.457985E-2 -2.483545E-1
1.527986E1 -4.228979E-2 -2.506282E-1
1.529667E1 -2.813860E-2 -2.516550E-1
1.531347E1 -1.493076E-2 -2.522957E-1
1.533028E1 -1.637931E-3 -2.522310E-1
1.534709E1 1.243201E-2 -2.512735E-1
1.536390E1 2.581804E-2 -2.497649E-1
1.538071E1 3.693257E-2 -2.480099E-1
1.539752E1 5.020167E-2 -2.447577E-1
1.541433E1 6.022242E-2 -2.421371E-1
1.543114E1 7.176675E-2 -2.381893E-1
1.544795E1 8.075355E-2 -2.346573E-1
1.546476E1 8.911431E-2 -2.312915E-1
1.548157E1 9.713572E-2 -2.272933E-1
1.549838E1 1.036631E-1 -2.240762E-1
1.551519E1 1.085626E-1 -2.213097E-1
1.553200E1 1.139080E-1 -2.187508E-1
1.554881E1 1.169782E-1 -2.167993E-1
1.556562E1 1.189245E-1 -2.156344E-1
1.558243E1 1.203099E-1 -2.149920E-1
1.559924E1 1.204931E-1 -2.151695E-1
1.561605E1 1.199224E-1 -2.156547E-1
1.563286E1 1.178030E-1 -2.174481E-1
1.564967E1 1.153512E-1 -2.194182E-1
1.566647E1 1.108176E-1 -2.221774E-1
1.568328E1 1.056582E-1 -2.255982E-1
1.570009E1 9.949574E-2 -2.290056E-1
1.571690E1 9.277325E-2 -2.323168E-1
1.573371E1 8.392978E-2 -2.366556E-1
1.575052E1 7.339603E-2 -2.405950E-1
1.576733E1 6.347240E-2 -2.440541E-1
1.578414E1 5.167566E-2 -2.473383E-1
1.580095E1 4.006367E-2 -2.498830E-1
1.581776E1 2.851095E-2 -2.515372E-1
1.583457E1 1.431032E-2 -2.532545E-1
1.585138E1 -1.206827E-4 -2.540178E-1
1.586819E1 -1.453758E-2 -2.541930E-1
1.588500E1 -2.852042E-2 -2.532348E-1
1.590181E1 -4.079433E-2 -2.517364E-1
1.591862E1 -5.343136E-2 -2.493162E-1
1.593543E1 -6.646268E-2 -2.464413E-1
1.595224E1 -7.951901E-2 -2.433646E-1
1.596905E1 -8.902434E-2 -2.399179E-1
1.598586E1 -9.780970E-2 -2.364968E-1
1.600267E1 -1.057031E-1 -2.332185E-1
1.601947E1 -1.133514E-1 -2.299618E-1
1.603628E1 -1.207533E-1 -2.266531E-1
1.605309E1 -1.233787E-1 -2.249619E-1
1.606990E1 -1.261316E-1 -2.231381E-1
1.608671E1 -1.294222E-1 -2.215598E-1
1.610352E1 -1.290397E-1 -2.215854E-1
1.612033E1 -1.289529E-1 -2.215902E-1
1.613714E1 -1.275265E-1 -2.224568E-1
1.615395E1 -1.243753E-1 -2.239658E-1
1.617076E1 -1.227977E-1 -2.256429E-1
1.618757E1 -1.136300E-1 -2.289535E-1
1.620438E1 -1.071885E-1 -2.321846E-1
1.622119E1 -1.005523E-1 -2.349953E-1
1.623800E1 -9.067901E-2 -2.387105E-1
1.625481E1 -8.043412E-2 -2.415698E-1
1.627162E1 -6.967918E-2 -2.447988E-1
1.628843E1 -5.799961E-2 -2.472888E-1
1.630524E1 -4.582263E-2 -2.497163E-1
1.632205E1 -3.301572E-2 -2.514066E-1
1.633886E1 -2.170563E-2 -2.523232E-1
1.635566E1 -6.366579E-3 -2.523700E-1
1.637247E1 5.185357E-3 -2.521985E-1
1.638928E1 1.840905E-2 -2.513441E-1
1.640609E1 3.072452E-2 -2.496420E-1
1.642290E1 4.310458E-2 -2.472274E-1
1.643971E1 5.448176E-2 -2.446446E-1
1.645652E1 6.531611E-2 -2.413576E-1
1.647333E1 7.558402E-2 -2.380520E-1
1.649014E1 8.404913E-2 -2.346023E-1
1.650695E1 9.213763E-2 -2.313304E-1
1.652376E1 9.893231E-2 -2.279953E-1
1.654057E1 1.051947E-1 -2.250070E-1
1.655738E1 1.101476E-1 -2.223785E-1
1.657419E1 1.133182E-1 -2.204976E-1
1.659100E1 1.167571E-1 -2.190793E-1
1.660781E1 1.182147E-1 -2.181085E-1
1.662462E1 1.188983E-1 -2.182779E-1
1.664143E1 1.182409E-1 -2.187637E-1
1.665824E1 1.170428E-1 -2.198887E-1
1.667505E1 1.145176E-1 -2.216957E-1
1.669186E1 1.107007E-1 -2.239205E-1
1.670866E1 1.064700E-1 -2.269222E-1
1.672547E1 1.002607E-1 -2.299862E-1
1.674228E1 9.351343E-2 -2.331857E-1
1.675909E1 8.486198E-2 -2.371465E-1
1.677590E1 7.581066E-2 -2.405769E-1
1.679271E1 6.592289E-2 -2.439981E-1
1.680952E1 5.396206E-2 -2.475404E-1
1.682633E1 4.290529E-2 -2.499260E-1
1.684314E1 3.140862E-2 -2.516147E-1
1.685995E1 1.743491E-2 -2.531833E-1
1.687676E1 4.032852E-3 -2.541786E-1
1.689357E1 -9.665797E-3 -2.541528E-1
1.691038E1 -2.242463E-2 -2.532778E-1
1.692719E1 -3.483264E-2 -2.519133E-1
1.694400E1 -4.755933E-2 -2.500629E-1
1.696081E1 -5.991381E-2 -2.475415E-1
1.697762E1 -7.128132E-2 -2.448898E-1
1.699443E1 -8.146552E-2 -2.416168E-1
1.701124E1 -9.319957E-2 -2.382470E-1
1.702805E1 -1.005801E-1 -2.349488E-1
1.704486E1 -1.067059E-1 -2.323297E-1
1.706166E1 -1.137235E-1 -2.291019E-1
1.707847E1 -1.185644E-1 -2.265643E-1
1.709528E1 -1.224138E-1 -2.249345E-1
1.711209E1 -1.231514E-1 -2.239860E-1
1.712890E1 -1.247040E-1 -2.231983E-1
1.714571E1 -1.246099E-1 -2.231766E-1
1.716252E1 -1.227168E-1 -2.238683E-1
1.717933E1 -1.197143E-1 -2.255311E-1
1.719614E1 -1.178468E-1 -2.265342E-1
1.721295E1 -1.132003E-1 -2.290458E-1
1.722976E1 -1.054966E-1 -2.321531E-1
1.724657E1 -9.827008E-2 -2.348743E-1
1.726338E1 -8.999602E-2 -2.381541E-1
1.728019E1 -8.007932E-2 -2.409651E-1
1.729700E1 -6.993542E-2 -2.439847E-1
1.731381E1 -5.899594E-2 -2.464164E-1
1.733062E1 -4.748757E-2 -2.489107E-1
1.734743E1 -3.481650E-2 -2.507011E-1
1.736424E1 -2.176360E-2 -2.514888E-1
1.738105E1 -8.317501E-3 -2.516215E-1
1.739786E1 4.535809E-3 -2.515480E-1
1.741466E1 1.711916E-2 -2.508099E-1
1.743147E1 2.993039E-2 -2.490233E-1
1.744828E1 4.260506E-2 -2.467707E-1
1.746509E1 5.436311E-2 -2.441168E-1
1.748190E1 6.552437E-2 -2.412167E-1
1.749871E1 7.496608E-2 -2.379345E-1
1.751552E1 8.429774E-2 -2.347830E-1
1.753233E1 9.246610E-2 -2.314122E-1
1.754914E1 9.991864E-2 -2.280771E-1
1.756595E1 1.066485E-1 -2.248963E-1
1.758276E1 1.118778E-1 -2.224608E-1
1.759957E1 1.156958E-1 -2.204974E-1
1.761638E1 1.189460E-1 -2.193696E-1
1.763319E1 1.207427E-1 -2.180774E-1
1.765000E1 1.215058E-1 -2.179702E-1
1.766681E1 1.216479E-1 -2.181610E-1
1.768362E1 1.199386E-1 -2.196765E-1
1.770043E1 1.175096E-1 -2.214345E-1
1.771724E1 1.143309E-1 -2.232226E-1
1.773405E1 1.099681E-1 -2.256297E-1
1.775086E1 1.040588E-1 -2.288910E-1
1.776766E1 9.726143E-2 -2.325561E-1
1.778447E1 8.925856E-2 -2.357191E-1
1.780128E1 7.765644E-2 -2.406732E-1
1.781809E1 6.603874E-2 -2.447445E-1
1.783490E1 5.595946E-2 -2.473549E-1
1.785171E1 4.289667E-2 -2.506555E-1
1.786852E1 3.391619E-2 -2.515898E-1
1.788533E1 1.979063E-2 -2.533369E-1
1.790214E1 6.799647E-3 -2.540780E-1
1.791895E1 -5.885691E-3 -2.540854E-1
1.793576E1 -1.788594E-2 -2.534253E-1
1.795257E1 -3.104859E-2 -2.522207E-1
1.796938E1 -4.305789E-2 -2.508408E-1
1.798619E1 -5.520383E-2 -2.483953E-1
1.800300E1 -6.655861E-2 -2.456735E-1
1.801981E1 -7.568267E-2 -2.431072E-1
1.803662E1 -8.794751E-2 -2.398548E-1
1.805343E1 -9.324651E-2 -2.372632E-1
1.807024E1 -1.008915E-1 -2.341423E-1
1.808705E1 -1.075279E-1 -2.315838E-1
1.810386E1 -1.124931E-1 -2.291210E-1
1.812066E1 -1.150909E-1 -2.274658E-1
1.813747E1 -1.201439E-1 -2.256662E-1
1.815428E1 -1.212438E-1 -2.248700E-1
1.817109E1 -1.210522E-1 -2.248345E-1
1.818790E1 -1.186224E-1 -2.255805E-1
1.820471E1 -1.206686E-1 -2.257375E-1
1.822152E1 -1.155914E-1 -2.274422E-1
1.823833E1 -1.095614E-1 -2.298304E-1
1.825514E1 -1.046493E-1 -2.323363E-1
1.827195E1 -9.691644E-2 -2.349264E-1
1.828876E1 -8.898667E-2 -2.380634E-1
1.830557E1 -7.988641E-2 -2.406762E-1
1.832238E1 -7.042015E-2 -2.438168E-1
1.833919E1 -5.919539E-2 -2.459884E-1
1.835600E1 -4.773260E-2 -2.484386E-1
1.837281E1 -3.580473E-2 -2.499857E-1
1.838962E1 -2.414090E-2 -2.513548E-1
1.840643E1 -1.084426E-2 -2.515921E-1
1.842324E1 1.976632E-3 -2.516445E-1
1.844005E1 1.454229E-2 -2.511642E-1
1.845686E1 2.664151E-2 -2.496948E-1
1.847366E1 3.915825E-2 -2.476255E-1
1.849047E1 5.026425E-2 -2.455849E-1
1.850728E1 6.103691E-2 -2.431419E-1
1.852409E1 7.169046E-2 -2.399059E-1
1.854090E1 8.040340E-2 -2.373178E-1
1.855771E1 8.910821E-2 -2.338904E-1
1.857452E1 9.538631E-2 -2.318067E-1
1.859133E1 1.025693E-1 -2.283049E-1
1.860814E1 1.070873E-1 -2.267386E-1
1.862495E1 1.118517E-1 -2.241289E-1
1.864176E1 1.141774E-1 -2.232531E-1
1.865857E1 1.162022E-1 -2.226727E-1
1.867538E1 1.177619E-1 -2.218163E-1
1.869219E1 1.180231E-1 -2.219537E-1
1.870900E1 1.170481E-1 -2.226670E-1
1.872581E1 1.145025E-1 -2.242417E-1
1.874262E1 1.116098E-1 -2.256687E-1
1.875943E1 1.061679E-1 -2.290689E-1
1.877624E1 1.008711E-1 -2.315668E-1
1.879305E1 9.390817E-2 -2.350263E-1
1.880986E1 8.586605E-2 -2.381505E-1
1.882666E1 7.679472E-2 -2.415717E-1
1.884347E1 6.664823E-2 -2.447295E-1
1.886028E1 5.678691E-2 -2.473604E-1
1.887709E1 4.379845E-2 -2.506507E-1
1.889390E1 3.458995E-2 -2.515778E-1
1.891071E1 2.081389E-2 -2.531678E-1
1.892752E1 8.342209E-3 -2.540335E-1
1.894433E1 -3.393119E-3 -2.540423E-1
1.896114E1 -1.498243E-2 -2.533636E-1
1.897795E1 -2.801515E-2 -2.524556E-1
1.899476E1 -3.908782E-2 -2.510598E-1
1.901157E1 -5.153555E-2 -2.489340E-1
1.902838E1 -6.162966E-2 -2.464436E-1
1.904519E1 -7.165868E-2 -2.440280E-1
1.906200E1 -8.321535E-2 -2.408676E-1
1.907881E1 -9.025670E-2 -2.381922E-1
1.909562E1 -9.547132E-2 -2.355934E-1
1.911243E1 -1.065317E-1 -2.324883E-1
1.912924E1 -1.074902E-1 -2.307301E-1
1.914605E1 -1.103515E-1 -2.289624E-1
1.916286E1 -1.136720E-1 -2.273802E-1
1.917966E1 -1.151829E-1 -2.265415E-1
1.919647E1 -1.148183E-1 -2.265228E-1
1.921328E1 -1.148075E-1 -2.265815E-1
1.923009E1 -1.131524E-1 -2.273792E-1
1.924690E1 -1.093164E-1 -2.289284E-1
1.926371E1 -1.062303E-1 -2.306680E-1
1.928052E1 -1.005902E-1 -2.327068E-1
1.929733E1 -9.432877E-2 -2.352265E-1
1.931414E1 -7.811267E-2 -2.405659E-1
1.933095E1 -6.843530E-2 -2.433286E-1
1.934776E1 -5.880867E-2 -2.456594E-1
1.936457E1 -4.821429E-2 -2.480759E-1
1.938138E1 -3.637969E-2 -2.498475E-1
1.939819E1 -2.590533E-2 -2.513160E-1
1.941500E1 -1.516967E-2 -2.522661E-1
1.943181E1 -1.431355E-3 -2.523111E-1
1.944862E1 2.195599E-2 -2.513546E-1
1.946543E1 3.266303E-2 -2.504766E-1
1.948224E1 4.500383E-2 -2.480379E-1
1.949905E1 5.599644E-2 -2.455980E-1
1.951586E1 6.489941E-2 -2.437986E-1
1.953266E1 8.198566E-2 -2.387825E-1
1.954947E1 9.006946E-2 -2.355807E-1
1.956628E1 9.607558E-2 -2.331239E-1
1.958309E1 1.020641E-1 -2.308046E-1
1.959990E1 1.058548E-1 -2.289119E-1
1.961671E1 1.095439E-1 -2.274468E-1
1.963352E1 1.115364E-1 -2.263704E-1
1.965033E1 1.123479E-1 -2.262734E-1
1.966714E1 1.124886E-1 -2.263392E-1
1.968395E1 1.098856E-1 -2.280404E-1
1.970076E1 1.067277E-1 -2.297644E-1
1.971757E1 1.022568E-1 -2.323137E-1
1.973438E1 9.655625E-2 -2.346667E-1
1.975119E1 9.053928E-2 -2.375010E-1
1.976800E1 8.345190E-2 -2.398229E-1
1.978481E1 7.437417E-2 -2.431405E-1
1.980162E1 6.707382E-2 -2.449249E-1
1.981843E1 5.541022E-2 -2.482230E-1
1.983524E1 4.403777E-2 -2.505866E-1
1.985205E1 3.514582E-2 -2.515355E-1
1.986886E1 2.172975E-2 -2.531952E-1
1.988566E1 9.553966E-3 -2.541362E-1
1.990247E1 -2.374626E-3 -2.540937E-1
1.991928E1 -1.334748E-2 -2.533491E-1
1.993609E1 -3.914773E-2 -2.514660E-1
1.995290E1 -4.833188E-2 -2.492642E-1
1.996971E1 -5.842055E-2 -2.468347E-1
1.998652E1 -6.785609E-2 -2.446985E-1
2.000333E1 -7.865500E-2 -2.416661E-1
2.002014E1 -8.726127E-2 -2.391440E-1
2.003695E1 -9.150074E-2 -2.365212E-1
2.005376E1 -9.749088E-2 -2.340323E-1
2.007057E1 -1.021706E-1 -2.322466E-1
2.008738E1 -1.054391E-1 -2.305584E-1
2.010419E1 -1.087298E-1 -2.290583E-1
2.012100E1 -1.101888E-1 -2.281759E-1
2.013781E1 -1.100146E-1 -2.280591E-1
2.015462E1 -1.098071E-1 -2.282120E-1
2.017143E1 -1.072980E-1 -2.298972E-1
2.018824E1 -1.040903E-1 -2.315632E-1
2.020505E1 -9.845989E-2 -2.332953E-1
2.022186E1 -9.373886E-2 -2.357324E-1
2.023866E1 -8.423557E-2 -2.388507E-1
2.025547E1 -7.562714E-2 -2.410364E-1
2.027228E1 -6.657418E-2 -2.436296E-1
2.028909E1 -5.738513E-2 -2.456598E-1
2.030590E1 -4.772331E-2 -2.480725E-1
2.032271E1 -3.651707E-2 -2.498639E-1
2.033952E1 -2.588942E-2 -2.513369E-1
2.035633E1 -1.559819E-2 -2.522585E-1
2.037314E1 -1.919137E-3 -2.523926E-1
2.038995E1 8.713294E-3 -2.523098E-1
2.040676E1 2.110371E-2 -2.514836E-1
2.042357E1 3.193666E-2 -2.506526E-1
2.044038E1 4.307240E-2 -2.489446E-1
2.045719E1 5.240007E-2 -2.471574E-1
2.047400E1 6.324201E-2 -2.446490E-1
2.049081E1 7.241057E-2 -2.421746E-1
2.050762E1 8.023228E-2 -2.397730E-1
2.052443E1 8.757018E-2 -2.372738E-1
2.054124E1 9.406747E-2 -2.347245E-1
2.055805E1 9.848217E-2 -2.330836E-1
2.057486E1 1.028981E-1 -2.316115E-1
2.059166E1 1.065123E-1 -2.296770E-1
2.060847E1 1.088832E-1 -2.290311E-1
2.062528E1 1.093868E-1 -2.288438E-1
2.064209E1 1.095454E-1 -2.289573E-1
2.065890E1 1.094292E-1 -2.291433E-1
2.067571E1 1.066479E-1 -2.305325E-1
2.069252E1 1.035673E-1 -2.322030E-1
2.070933E1 9.948504E-2 -2.339795E-1
2.072614E1 9.403157E-2 -2.363307E-1
2.074295E1 8.804092E-2 -2.389203E-1
2.075976E1 8.070486E-2 -2.413539E-1
2.077657E1 7.270296E-2 -2.440202E-1
2.079338E1 6.347178E-2 -2.464786E-1
2.081019E1 5.335807E-2 -2.489217E-1
2.082700E1 4.378420E-2 -2.508205E-1
2.084381E1 3.489308E-2 -2.514642E-1
2.086062E1 2.149550E-2 -2.533532E-1
2.087743E1 9.334181E-3 -2.540855E-1
2.089424E1 -2.157828E-3 -2.541340E-1
2.091105E1 -1.315421E-2 -2.533474E-1
2.092786E1 -2.543399E-2 -2.524915E-1
2.094466E1 -3.796053E-2 -2.515020E-1
2.096147E1 -4.560522E-2 -2.492895E-1
2.097828E1 -5.594061E-2 -2.471243E-1
2.099509E1 -6.569723E-2 -2.450549E-1
2.101190E1 -7.361079E-2 -2.422689E-1
2.102871E1 -8.093124E-2 -2.397846E-1
2.104552E1 -8.831441E-2 -2.374680E-1
2.106233E1 -9.496364E-2 -2.350166E-1
2.107914E1 -9.770463E-2 -2.330360E-1
2.109595E1 -1.027661E-1 -2.314682E-1
2.111276E1 -1.067609E-1 -2.299097E-1
2.112957E1 -1.082234E-1 -2.290929E-1
2.114638E1 -1.076143E-1 -2.289563E-1
2.116319E1 -1.077536E-1 -2.289881E-1
2.118000E1 -1.055256E-1 -2.297906E-1
2.119681E1 -1.044868E-1 -2.307051E-1
2.121362E1 -9.964852E-2 -2.323767E-1
2.123043E1 -9.630474E-2 -2.340509E-1
2.124724E1 -8.764361E-2 -2.364985E-1
2.126405E1 -8.079442E-2 -2.389088E-1
2.128085E1 -7.318547E-2 -2.413723E-1
2.129766E1 -6.481651E-2 -2.438985E-1
2.131447E1 -5.520895E-2 -2.458993E-1
2.133128E1 -4.582450E-2 -2.480837E-1
2.134809E1 -3.507779E-2 -2.497706E-1
2.136490E1 -2.486566E-2 -2.513519E-1
2.138171E1 -1.534238E-2 -2.523250E-1
2.139852E1 -2.121921E-3 -2.524062E-1
2.141533E1 9.337233E-3 -2.523033E-1
2.143214E1 2.113467E-2 -2.514948E-1
2.144895E1 3.187163E-2 -2.507583E-1
2.146576E1 4.131117E-2 -2.497475E-1
2.148257E1 5.098728E-2 -2.480216E-1
2.149938E1 6.095088E-2 -2.455809E-1
2.151619E1 6.919437E-2 -2.438423E-1
2.153300E1 7.738696E-2 -2.413494E-1
2.154981E1 8.489556E-2 -2.388532E-1
2.156662E1 9.064600E-2 -2.372591E-1
2.158343E1 9.640449E-2 -2.350486E-1
2.160024E1 1.002575E-1 -2.332435E-1
2.161705E1 1.029115E-1 -2.322654E-1
2.163385E1 1.050166E-1 -2.314769E-1
2.165066E1 1.068524E-1 -2.309012E-1
2.166747E1 1.070186E-1 -2.310036E-1
2.168428E1 1.054292E-1 -2.317376E-1
2.170109E1 1.037926E-1 -2.325180E-1
2.171790E1 1.004644E-1 -2.341740E-1
2.173471E1 9.648505E-2 -2.359695E-1
2.175152E1 9.089965E-2 -2.379883E-1
2.176833E1 8.555822E-2 -2.401691E-1
2.178514E1 7.837984E-2 -2.422886E-1
2.180195E1 7.054283E-2 -2.448451E-1
2.181876E1 6.281564E-2 -2.465853E-1
2.183557E1 5.247635E-2 -2.489270E-1
2.185238E1 4.292622E-2 -2.508222E-1
2.186919E1 3.399389E-2 -2.516513E-1
2.188600E1 2.310620E-2 -2.525109E-1
2.190281E1 1.103040E-2 -2.532318E-1
2.191962E1 -3.492337E-3 -2.541196E-1
2.193643E1 -1.398890E-2 -2.533011E-1
2.195324E1 -2.588786E-2 -2.523720E-1
2.197005E1 -3.307429E-2 -2.508958E-1
2.198685E1 -4.446601E-2 -2.491794E-1
2.200366E1 -5.343782E-2 -2.470195E-1
2.202047E1 -6.279176E-2 -2.448936E-1
2.203728E1 -7.064070E-2 -2.424244E-1
2.205409E1 -7.780161E-2 -2.399142E-1
2.207090E1 -8.429144E-2 -2.379611E-1
2.208771E1 -9.026330E-2 -2.356385E-1
2.210452E1 -9.410406E-2 -2.338315E-1
2.212133E1 -9.828853E-2 -2.323549E-1
2.213814E1 -1.000610E-1 -2.314355E-1
2.215495E1 -1.017043E-1 -2.306073E-1
2.217176E1 -1.015854E-1 -2.304906E-1
2.218857E1 -1.015047E-1 -2.305717E-1
2.220538E1 -9.987689E-2 -2.313731E-1
2.222219E1 -9.750220E-2 -2.323659E-1
2.223900E1 -9.462697E-2 -2.333956E-1
2.225581E1 -8.921322E-2 -2.353942E-1
2.227262E1 -8.375321E-2 -2.373361E-1
2.228943E1 -7.726599E-2 -2.392634E-1
2.230624E1 -6.966301E-2 -2.417271E-1
2.232305E1 -6.153980E-2 -2.439842E-1
2.233985E1 -5.237562E-2 -2.458650E-1
2.235666E1 -4.318336E-2 -2.480941E-1
2.237347E1 -3.274628E-2 -2.498161E-1
2.239028E1 -2.228002E-2 -2.510590E-1
2.240709E1 -1.114352E-2 -2.515578E-1
2.242390E1 1.578351E-4 -2.518147E-1
2.244071E1 1.124046E-2 -2.516626E-1
2.245752E1 2.225214E-2 -2.511051E-1
2.247433E1 3.282727E-2 -2.500244E-1
2.249114E1 4.331499E-2 -2.482798E-1
2.250795E1 5.328011E-2 -2.464888E-1
2.252476E1 6.168090E-2 -2.447801E-1
2.254157E1 6.964960E-2 -2.434305E-1
2.255838E1 7.763194E-2 -2.408154E-1
2.257519E1 8.405744E-2 -2.389323E-1
2.259200E1 8.961248E-2 -2.375127E-1
2.260881E1 9.534191E-2 -2.352180E-1
2.262562E1 9.850375E-2 -2.340370E-1
2.264243E1 1.021074E-1 -2.327640E-1
2.265924E1 1.041170E-1 -2.316308E-1
2.267605E1 1.048810E-1 -2.314102E-1
2.269285E1 1.051702E-1 -2.315989E-1
2.270966E1 1.047864E-1 -2.319674E-1
2.272647E1 1.019059E-1 -2.332863E-1
2.274328E1 9.959649E-2 -2.343723E-1
2.276009E1 9.556335E-2 -2.360816E-1
2.277690E1 8.963137E-2 -2.384276E-1
2.279371E1 8.300386E-2 -2.408606E-1
2.281052E1 7.570858E-2 -2.430448E-1
2.282733E1 6.909341E-2 -2.447459E-1
2.284414E1 5.992250E-2 -2.472617E-1
2.286095E1 4.942577E-2 -2.498415E-1
2.287776E1 3.951487E-2 -2.514786E-1
2.289457E1 3.254415E-2 -2.514856E-1
2.291138E1 1.908389E-2 -2.531626E-1
2.292819E1 6.845268E-3 -2.540368E-1
2.294500E1 -1.213093E-3 -2.532863E-1
2.296181E1 -1.477009E-2 -2.532921E-1
2.297862E1 -2.167297E-2 -2.517496E-1
2.299543E1 -3.246458E-2 -2.507422E-1
2.301224E1 -4.311913E-2 -2.490648E-1
2.302905E1 -5.142184E-2 -2.470291E-1
2.304585E1 -6.070128E-2 -2.448923E-1
2.306266E1 -6.847313E-2 -2.426134E-1
2.307947E1 -7.592374E-2 -2.402623E-1
2.309628E1 -8.178557E-2 -2.382831E-1
2.311309E1 -8.659722E-2 -2.363686E-1
2.312990E1 -9.050600E-2 -2.346825E-1
2.314671E1 -9.408744E-2 -2.331714E-1
2.316352E1 -9.669171E-2 -2.322820E-1
2.318033E1 -9.805480E-2 -2.316798E-1
2.319714E1 -9.834947E-2 -2.314567E-1
2.321395E1 -9.792913E-2 -2.315218E-1
2.323076E1 -9.593773E-2 -2.322243E-1
2.324757E1 -9.338529E-2 -2.331446E-1
2.326438E1 -8.993049E-2 -2.347037E-1
2.328119E1 -8.592213E-2 -2.363924E-1
2.329800E1 -7.977366E-2 -2.386077E-1
2.331481E1 -7.337034E-2 -2.401921E-1
2.333162E1 -6.621032E-2 -2.424978E-1
2.334843E1 -5.842194E-2 -2.446887E-1
2.336524E1 -4.979109E-2 -2.465324E-1
2.338205E1 -4.032584E-2 -2.484644E-1
2.339885E1 -3.055881E-2 -2.499927E-1
2.341566E1 -1.994129E-2 -2.509812E-1
2.343247E1 -9.249381E-3 -2.515781E-1
2.344928E1 1.765190E-3 -2.518325E-1
2.346609E1 1.251485E-2 -2.515845E-1
2.348290E1 2.330771E-2 -2.509471E-1
2.349971E1 3.376598E-2 -2.499643E-1
2.351652E1 4.396030E-2 -2.486440E-1
2.353333E1 5.338555E-2 -2.466391E-1
2.355014E1 7.104319E-2 -2.427658E-1
2.356695E1 7.833079E-2 -2.404373E-1
2.358376E1 8.540549E-2 -2.385329E-1
2.360057E1 8.937772E-2 -2.374518E-1
2.361738E1 9.436887E-2 -2.357962E-1
2.363419E1 9.858853E-2 -2.342032E-1
2.365100E1 1.010816E-1 -2.333767E-1
2.366781E1 1.029644E-1 -2.327812E-1
2.368462E1 1.035101E-1 -2.325487E-1
2.370143E1 1.036061E-1 -2.326078E-1
2.371824E1 1.033369E-1 -2.325034E-1
2.373505E1 1.015204E-1 -2.331587E-1
2.375185E1 9.805067E-2 -2.351459E-1
2.376866E1 9.377093E-2 -2.367962E-1
2.378547E1 8.782536E-2 -2.390358E-1
2.380228E1 8.235102E-2 -2.405332E-1
2.381909E1 7.492316E-2 -2.431011E-1
2.383590E1 6.621576E-2 -2.457471E-1
2.385271E1 5.842302E-2 -2.473890E-1
2.386952E1 4.765246E-2 -2.498472E-1
2.388633E1 3.790514E-2 -2.514814E-1
2.390314E1 2.766755E-2 -2.524038E-1
2.391995E1 1.727529E-2 -2.533029E-1
2.393676E1 7.673016E-3 -2.532583E-1
2.395357E1 -3.356898E-3 -2.531910E-1
2.397038E1 -2.212857E-2 -2.516384E-1
2.398719E1 -3.353224E-2 -2.507292E-1
2.400400E1 -4.326359E-2 -2.489992E-1
2.402081E1 -5.062973E-2 -2.469507E-1
2.403762E1 -5.925680E-2 -2.449658E-1
2.405443E1 -6.637031E-2 -2.429604E-1
2.407124E1 -7.323435E-2 -2.408345E-1
2.408805E1 -7.923888E-2 -2.390301E-1
2.410485E1 -8.336579E-2 -2.372259E-1
2.412166E1 -8.770735E-2 -2.356041E-1
2.413847E1 -9.171134E-2 -2.341245E-1
2.415528E1 -9.315132E-2 -2.331873E-1
2.417209E1 -9.473865E-2 -2.325081E-1
2.418890E1 -9.486683E-2 -2.323610E-1
2.420571E1 -9.440916E-2 -2.324633E-1
2.422252E1 -9.254160E-2 -2.331694E-1
2.423933E1 -8.985702E-2 -2.342887E-1
2.425614E1 -8.615590E-2 -2.356275E-1
2.427295E1 -8.167951E-2 -2.374485E-1
2.428976E1 -7.616695E-2 -2.390506E-1
2.430657E1 -7.064682E-2 -2.413561E-1
2.432338E1 -6.282078E-2 -2.434676E-1
2.434019E1 -5.489990E-2 -2.451281E-1
2.435700E1 -4.744251E-2 -2.472086E-1
2.437381E1 -3.815257E-2 -2.489908E-1
2.439062E1 -2.870795E-2 -2.506365E-1
2.440743E1 -1.863769E-2 -2.514971E-1
2.442424E1 -9.128803E-3 -2.522938E-1
2.444105E1 2.787793E-5 -2.529872E-1
2.445785E1 1.005760E-2 -2.530130E-1
2.447466E1 2.141242E-2 -2.523448E-1
2.449147E1 3.115561E-2 -2.514881E-1
2.450828E1 4.067543E-2 -2.507693E-1
2.452509E1 4.964260E-2 -2.491628E-1
2.454190E1 5.824243E-2 -2.472714E-1
2.455871E1 6.581326E-2 -2.455393E-1
2.457552E1 7.293958E-2 -2.441713E-1
2.459233E1 7.899237E-2 -2.423859E-1
2.460914E1 8.451796E-2 -2.406337E-1
2.462595E1 8.890603E-2 -2.391486E-1
2.464276E1 9.290911E-2 -2.377983E-1
2.465957E1 9.544261E-2 -2.368910E-1
2.467638E1 9.716972E-2 -2.361543E-1
2.469319E1 9.738129E-2 -2.357669E-1
2.471000E1 9.102064E-2 -2.383989E-1
2.472681E1 8.679186E-2 -2.398794E-1
2.474362E1 8.184055E-2 -2.416031E-1
2.476043E1 7.621495E-2 -2.434429E-1
2.477724E1 6.982461E-2 -2.450271E-1
2.479405E1 6.085281E-2 -2.473076E-1
2.481085E1 5.274851E-2 -2.490299E-1
2.482766E1 4.370023E-2 -2.507707E-1
2.484447E1 3.545724E-2 -2.515487E-1
2.486128E1 1.442393E-2 -2.533040E-1
2.487809E1 5.226268E-3 -2.532775E-1
2.489490E1 -1.546333E-2 -2.524689E-1
2.491171E1 -2.367653E-2 -2.515846E-1
2.492852E1 -3.472874E-2 -2.505687E-1
2.494533E1 -4.444149E-2 -2.489300E-1
2.496214E1 -5.006656E-2 -2.467703E-1
2.497895E1 -5.813167E-2 -2.450395E-1
2.499576E1 -6.509570E-2 -2.430920E-1
2.501257E1 -7.139497E-2 -2.411084E-1
2.502938E1 -7.707010E-2 -2.391483E-1
2.504619E1 -8.158462E-2 -2.375863E-1
2.506300E1 -8.560471E-2 -2.360083E-1
2.507981E1 -8.822501E-2 -2.348638E-1
2.509662E1 -9.001708E-2 -2.340241E-1
2.511343E1 -9.106291E-2 -2.335416E-1
2.513024E1 -9.120414E-2 -2.334492E-1
2.514705E1 -9.049935E-2 -2.338162E-1
2.516385E1 -8.841634E-2 -2.346775E-1
2.518066E1 -8.590526E-2 -2.355903E-1
2.519747E1 -8.232650E-2 -2.371511E-1
2.521428E1 -7.778646E-2 -2.388632E-1
2.523109E1 -7.293863E-2 -2.405407E-1
2.524790E1 -6.647778E-2 -2.423814E-1
2.526471E1 -5.982154E-2 -2.446645E-1
2.528152E1 -5.283882E-2 -2.464337E-1
2.529833E1 -4.354843E-2 -2.481998E-1
2.531514E1 -3.497707E-2 -2.497881E-1
2.533195E1 -2.688843E-2 -2.513639E-1
2.534876E1 -1.816087E-2 -2.523194E-1
2.536557E1 -8.589396E-3 -2.530998E-1
2.538238E1 2.442083E-3 -2.531672E-1
2.539919E1 1.250071E-2 -2.531091E-1
2.541600E1 2.291486E-2 -2.524179E-1
2.543281E1 3.260144E-2 -2.514176E-1
2.544962E1 4.145414E-2 -2.508576E-1
2.546643E1 5.042277E-2 -2.491798E-1
2.548324E1 5.872405E-2 -2.475542E-1
2.550005E1 6.595888E-2 -2.456404E-1
2.551685E1 7.294288E-2 -2.442827E-1
2.553366E1 7.871903E-2 -2.425504E-1
2.555047E1 8.392390E-2 -2.410275E-1
2.556728E1 8.838801E-2 -2.391001E-1
2.558409E1 9.130059E-2 -2.384905E-1
2.560090E1 9.364311E-2 -2.376032E-1
2.561771E1 9.542270E-2 -2.368943E-1
2.563452E1 9.556286E-2 -2.369356E-1
2.565133E1 9.532503E-2 -2.367909E-1
2.566814E1 9.365950E-2 -2.375211E-1
2.568495E1 9.124069E-2 -2.384433E-1
2.570176E1 8.856356E-2 -2.391650E-1
2.571857E1 8.375400E-2 -2.409371E-1
2.573538E1 7.868629E-2 -2.424859E-1
2.575219E1 7.283618E-2 -2.441734E-1
2.576900E1 6.603573E-2 -2.457618E-1
2.578581E1 5.860105E-2 -2.474669E-1
2.580262E1 5.045158E-2 -2.492241E-1
2.581943E1 4.122969E-2 -2.507982E-1
2.583624E1 3.297889E-2 -2.515006E-1
2.585304E1 2.536113E-2 -2.516222E-1
2.586985E1 1.178347E-2 -2.531758E-1
2.588666E1 5.117953E-3 -2.524244E-1
2.590347E1 -5.455574E-3 -2.524526E-1
2.592028E1 -1.406431E-2 -2.517471E-1
2.593709E1 -2.339296E-2 -2.509123E-1
2.595390E1 -3.310087E-2 -2.498053E-1
2.597071E1 -4.164538E-2 -2.481875E-1
2.598752E1 -4.972464E-2 -2.465017E-1
2.600433E1 -5.706485E-2 -2.449566E-1
2.602114E1 -6.353874E-2 -2.431057E-1
2.603795E1 -6.975459E-2 -2.412786E-1
2.605476E1 -7.477315E-2 -2.396511E-1
2.607157E1 -7.912218E-2 -2.383402E-1
2.608838E1 -8.293249E-2 -2.369528E-1
2.610519E1 -8.531479E-2 -2.358151E-1
2.612200E1 -8.730732E-2 -2.351070E-1
2.613881E1 -8.783839E-2 -2.348263E-1
2.615562E1 -8.793514E-2 -2.348310E-1
2.617243E1 -8.703085E-2 -2.353229E-1
2.618924E1 -8.496059E-2 -2.358834E-1
2.620604E1 -8.211120E-2 -2.371238E-1
2.622285E1 -7.811144E-2 -2.386147E-1
2.623966E1 -7.383206E-2 -2.398246E-1
2.625647E1 -6.826251E-2 -2.415913E-1
2.627328E1 -6.185193E-2 -2.436934E-1
2.629009E1 -5.510695E-2 -2.449304E-1
2.630690E1 -4.736094E-2 -2.467625E-1
2.632371E1 -3.910952E-2 -2.484628E-1
2.634052E1 -3.060838E-2 -2.498598E-1
2.635733E1 -2.137370E-2 -2.510475E-1
2.637414E1 -1.192034E-2 -2.516966E-1
2.639095E1 -2.575838E-3 -2.521714E-1
2.640776E1 7.396964E-3 -2.522574E-1
2.642457E1 1.752270E-2 -2.518603E-1
2.644138E1 2.739057E-2 -2.509558E-1
2.645819E1 3.671186E-2 -2.499041E-1
2.647500E1 4.529657E-2 -2.490530E-1
2.649181E1 5.376126E-2 -2.474932E-1
2.650862E1 6.180205E-2 -2.457009E-1
2.652543E1 6.895189E-2 -2.441838E-1
2.654224E1 7.527839E-2 -2.425474E-1
2.655904E1 8.078012E-2 -2.405993E-1
2.657585E1 8.591330E-2 -2.390827E-1
2.659266E1 9.016965E-2 -2.375306E-1
2.660947E1 9.303669E-2 -2.368116E-1
2.662628E1 9.505501E-2 -2.358133E-1
2.664309E1 9.583153E-2 -2.356105E-1
2.665990E1 9.597315E-2 -2.357250E-1
2.667671E1 9.580501E-2 -2.356342E-1
2.669352E1 9.406203E-2 -2.363651E-1
2.671033E1 9.161634E-2 -2.372391E-1
2.672714E1 8.838745E-2 -2.382731E-1
2.674395E1 8.258217E-2 -2.406232E-1
2.676076E1 7.836257E-2 -2.415423E-1
2.677757E1 7.246873E-2 -2.431532E-1
2.679438E1 6.571570E-2 -2.447834E-1
2.681119E1 5.674009E-2 -2.472991E-1
2.682800E1 4.831343E-2 -2.489552E-1
2.684481E1 3.897394E-2 -2.508493E-1
2.686162E1 3.066220E-2 -2.515510E-1
2.687843E1 2.031930E-2 -2.523784E-1
2.689524E1 1.185500E-2 -2.524315E-1
2.691204E1 2.507521E-3 -2.523850E-1
2.692885E1 -8.213978E-3 -2.523563E-1
2.694566E1 -1.584047E-2 -2.515669E-1
2.696247E1 -2.496898E-2 -2.507770E-1
2.697928E1 -3.643105E-2 -2.498118E-1
2.699609E1 -4.349538E-2 -2.482896E-1
2.701290E1 -5.150576E-2 -2.465056E-1
2.702971E1 -5.677882E-2 -2.451038E-1
2.704652E1 -6.321368E-2 -2.432480E-1
2.706333E1 -6.859138E-2 -2.415308E-1
2.708014E1 -7.339625E-2 -2.399163E-1
2.709695E1 -7.737644E-2 -2.389896E-1
2.711376E1 -8.065497E-2 -2.376208E-1
2.713057E1 -8.289041E-2 -2.366629E-1
2.714738E1 -8.431127E-2 -2.361211E-1
2.716419E1 -8.488793E-2 -2.357874E-1
2.718100E1 -8.479020E-2 -2.358055E-1
2.719781E1 -8.353374E-2 -2.363828E-1
2.721462E1 -8.148013E-2 -2.372579E-1
2.723143E1 -7.794860E-2 -2.386370E-1
2.724824E1 -7.524699E-2 -2.397070E-1
2.726504E1 -7.043030E-2 -2.414152E-1
2.728185E1 -6.489317E-2 -2.430560E-1
2.729866E1 -5.835246E-2 -2.447147E-1
2.731547E1 -5.220760E-2 -2.464512E-1
2.733228E1 -4.422670E-2 -2.480865E-1
2.734909E1 -3.644102E-2 -2.497990E-1
2.736590E1 -2.741995E-2 -2.509456E-1
2.738271E1 -1.826778E-2 -2.516903E-1
2.739952E1 -9.179399E-3 -2.523315E-1
2.741633E1 4.766065E-4 -2.526804E-1
2.743314E1 9.972753E-3 -2.524294E-1
2.744995E1 1.905391E-2 -2.521769E-1
2.746676E1 2.847004E-2 -2.514882E-1
2.748357E1 3.772799E-2 -2.503989E-1
2.750038E1 4.608375E-2 -2.492397E-1
2.751719E1 5.403444E-2 -2.474991E-1
2.753400E1 6.168561E-2 -2.459614E-1
2.755081E1 6.867268E-2 -2.443446E-1
2.756762E1 7.354904E-2 -2.432349E-1
2.758443E1 7.904573E-2 -2.414628E-1
2.760124E1 8.393229E-2 -2.402369E-1
2.761804E1 8.706884E-2 -2.392401E-1
2.763485E1 8.956984E-2 -2.383332E-1
2.765166E1 9.142953E-2 -2.376906E-1
2.766847E1 9.181654E-2 -2.374292E-1
2.768528E1 9.192744E-2 -2.374937E-1
2.770209E1 9.158851E-2 -2.373197E-1
2.771890E1 8.934268E-2 -2.383300E-1
2.773571E1 8.673762E-2 -2.390849E-1
2.775252E1 8.247003E-2 -2.405697E-1
2.776933E1 7.850729E-2 -2.416172E-1
2.778614E1 7.193942E-2 -2.439799E-1
2.780295E1 6.678745E-2 -2.448725E-1
2.781976E1 5.994154E-2 -2.464343E-1
2.783657E1 5.218244E-2 -2.482773E-1
2.785338E1 4.342484E-2 -2.498222E-1
2.787019E1 3.554451E-2 -2.509482E-1
2.788700E1 2.695103E-2 -2.514829E-1
2.790381E1 1.673817E-2 -2.523418E-1
2.792062E1 8.465297E-3 -2.523943E-1
2.793743E1 -1.297338E-3 -2.524021E-1
2.795424E1 -8.358793E-3 -2.516509E-1
2.797104E1 -1.909181E-2 -2.514280E-1
2.798785E1 -2.758549E-2 -2.505821E-1
2.800466E1 -3.501936E-2 -2.491005E-1
2.802147E1 -4.234589E-2 -2.476306E-1
2.803828E1 -4.964203E-2 -2.460098E-1
2.805509E1 -5.628338E-2 -2.448161E-1
2.807190E1 -6.212888E-2 -2.431372E-1
2.808871E1 -6.731470E-2 -2.415637E-1
2.810552E1 -7.221223E-2 -2.400977E-1
2.812233E1 -7.554666E-2 -2.390054E-1
2.813914E1 -7.819269E-2 -2.381461E-1
2.815595E1 -8.005404E-2 -2.373857E-1
2.817276E1 -8.090450E-2 -2.371879E-1
2.818957E1 -8.134878E-2 -2.372032E-1
2.820638E1 -8.090307E-2 -2.372852E-1
2.822319E1 -7.978487E-2 -2.380343E-1
2.824000E1 -7.743122E-2 -2.388990E-1
2.825681E1 -7.473379E-2 -2.397879E-1
2.827362E1 -7.141191E-2 -2.413357E-1
2.829043E1 -6.706476E-2 -2.429810E-1
2.830724E1 -6.081420E-2 -2.446948E-1
2.832404E1 -5.422354E-2 -2.457628E-1
2.834085E1 -4.706355E-2 -2.474874E-1
2.835766E1 -3.982141E-2 -2.490082E-1
2.837447E1 -3.243354E-2 -2.505253E-1
2.839128E1 -2.341671E-2 -2.514426E-1
2.840809E1 -1.501239E-2 -2.522792E-1
2.842490E1 -6.584467E-3 -2.530649E-1
2.844171E1 2.940258E-3 -2.532618E-1
2.845852E1 1.203531E-2 -2.531729E-1
2.847533E1 2.160265E-2 -2.523306E-1
2.849214E1 3.047225E-2 -2.517862E-1
2.850895E1 3.873626E-2 -2.508341E-1
2.852576E1 4.629156E-2 -2.498893E-1
2.854257E1 5.410315E-2 -2.481184E-1
2.855938E1 6.159047E-2 -2.464933E-1
2.857619E1 6.665409E-2 -2.455654E-1
2.859300E1 7.267925E-2 -2.440739E-1
2.860981E1 7.806217E-2 -2.425827E-1
2.862662E1 8.245120E-2 -2.406396E-1
2.864343E1 8.561941E-2 -2.400997E-1
2.866024E1 8.775408E-2 -2.390748E-1
2.867704E1 8.836152E-2 -2.389173E-1
2.869385E1 8.860338E-2 -2.390647E-1
2.871066E1 8.846895E-2 -2.390003E-1
2.872747E1 8.776619E-2 -2.391253E-1
2.874428E1 8.535461E-2 -2.399802E-1
2.876109E1 8.238596E-2 -2.405610E-1
2.877790E1 7.768168E-2 -2.422969E-1
2.879471E1 7.248080E-2 -2.438903E-1
2.881152E1 6.815478E-2 -2.449826E-1
2.882833E1 6.105207E-2 -2.465987E-1
2.884514E1 5.366676E-2 -2.482025E-1
2.886195E1 4.543468E-2 -2.498422E-1
2.887876E1 3.814429E-2 -2.509070E-1
2.889557E1 3.029092E-2 -2.514938E-1
2.891238E1 2.020619E-2 -2.523997E-1
2.892919E1 1.272673E-2 -2.524547E-1
2.894600E1 4.422108E-3 -2.524376E-1
2.896281E1 -5.304495E-3 -2.524370E-1
2.897962E1 -1.154594E-2 -2.515241E-1
2.899643E1 -2.243865E-2 -2.514731E-1
2.901324E1 -2.846818E-2 -2.500779E-1
2.903004E1 -3.800751E-2 -2.489991E-1
2.904685E1 -4.447837E-2 -2.474883E-1
2.906366E1 -5.084995E-2 -2.458498E-1
2.908047E1 -5.671016E-2 -2.448196E-1
2.909728E1 -6.201461E-2 -2.432152E-1
2.911409E1 -6.671667E-2 -2.417382E-1
2.913090E1 -7.056838E-2 -2.406251E-1
2.914771E1 -7.415705E-2 -2.393730E-1
2.916452E1 -7.642533E-2 -2.388865E-1
2.918133E1 -7.797644E-2 -2.383429E-1
2.919814E1 -7.865314E-2 -2.381315E-1
2.921495E1 -7.881520E-2 -2.381454E-1
2.923176E1 -7.804887E-2 -2.386836E-1
2.924857E1 -7.639710E-2 -2.389655E-1
2.926538E1 -7.400329E-2 -2.398244E-1
2.928219E1 -7.066841E-2 -2.410983E-1
2.929900E1 -6.669729E-2 -2.422748E-1
2.931581E1 -6.176597E-2 -2.438571E-1
2.933262E1 -5.578991E-2 -2.450058E-1
2.934943E1 -4.956559E-2 -2.466252E-1
2.936624E1 -4.300826E-2 -2.482459E-1
2.938304E1 -3.589831E-2 -2.496722E-1
2.939985E1 -2.787995E-2 -2.509743E-1
2.941666E1 -1.955560E-2 -2.516905E-1
2.943347E1 -1.114620E-2 -2.524715E-1
2.945028E1 -2.274204E-3 -2.526510E-1
2.946709E1 6.667895E-3 -2.526159E-1
2.948390E1 1.532675E-2 -2.524789E-1
2.950071E1 2.433153E-2 -2.518308E-1
2.951752E1 3.262837E-2 -2.509427E-1
2.953433E1 4.075402E-2 -2.497850E-1
2.955114E1 4.791472E-2 -2.490458E-1
2.956795E1 5.537483E-2 -2.475771E-1
2.958476E1 6.123912E-2 -2.465509E-1
2.960157E1 6.706370E-2 -2.450696E-1
2.961838E1 7.266131E-2 -2.433466E-1
2.963519E1 7.653244E-2 -2.422463E-1
2.965200E1 8.097778E-2 -2.408081E-1
2.966881E1 8.367793E-2 -2.401029E-1
2.968562E1 8.576817E-2 -2.390920E-1
2.970243E1 8.639681E-2 -2.393276E-1
2.971924E1 8.639101E-2 -2.393351E-1
2.973604E1 8.595015E-2 -2.390924E-1
2.975285E1 8.514921E-2 -2.391699E-1
2.976966E1 8.262896E-2 -2.399204E-1
2.978647E1 7.957132E-2 -2.408450E-1
2.980328E1 7.486844E-2 -2.422215E-1
2.982009E1 7.078889E-2 -2.431410E-1
2.983690E1 6.491747E-2 -2.447186E-1
2.985371E1 5.806301E-2 -2.466740E-1
2.987052E1 5.205080E-2 -2.475248E-1
2.988733E1 4.404849E-2 -2.489044E-1
2.990414E1 3.678982E-2 -2.498886E-1
2.992095E1 2.854344E-2 -2.508271E-1
2.993776E1 2.001121E-2 -2.514384E-1
2.995457E1 1.217056E-2 -2.516152E-1
2.997138E1 3.654369E-3 -2.516336E-1
2.998819E1 -5.286170E-3 -2.515779E-1
3.000500E1 -2.252768E-2 -2.505781E-1
3.002181E1 -3.106528E-2 -2.497965E-1
3.003862E1 -3.728807E-2 -2.483379E-1
3.005543E1 -4.677895E-2 -2.472996E-1
3.007224E1 -5.144301E-2 -2.457431E-1
3.008904E1 -5.650743E-2 -2.448535E-1
3.010585E1 -6.150812E-2 -2.432876E-1
3.012266E1 -6.609153E-2 -2.421219E-1
3.013947E1 -6.937038E-2 -2.410649E-1
3.015628E1 -7.247033E-2 -2.400595E-1
3.017309E1 -7.474317E-2 -2.392802E-1
3.018990E1 -7.556286E-2 -2.390163E-1
3.020671E1 -7.590709E-2 -2.389561E-1
3.022352E1 -7.580860E-2 -2.389920E-1
3.024033E1 -7.514733E-2 -2.393677E-1
3.025714E1 -7.317258E-2 -2.401682E-1
3.027395E1 -7.070411E-2 -2.413167E-1
3.029076E1 -6.702345E-2 -2.423585E-1
3.030757E1 -6.300070E-2 -2.438597E-1
3.032438E1 -5.759480E-2 -2.448416E-1
3.034119E1 -5.217949E-2 -2.464480E-1
3.035800E1 -4.585438E-2 -2.480469E-1
3.037481E1 -3.964169E-2 -2.496679E-1
3.039162E1 -3.173851E-2 -2.506609E-1
3.040843E1 -2.365286E-2 -2.515891E-1
3.042523E1 -1.576632E-2 -2.523692E-1
3.044204E1 -8.217141E-3 -2.531022E-1
3.045885E1 8.903152E-4 -2.531426E-1
3.047566E1 9.280575E-3 -2.531648E-1
3.049247E1 1.686482E-2 -2.531524E-1
3.050928E1 2.610542E-2 -2.523804E-1
3.052609E1 3.414294E-2 -2.514519E-1
3.054290E1 4.143711E-2 -2.508617E-1
3.055971E1 4.782686E-2 -2.498359E-1
3.057652E1 5.504844E-2 -2.481563E-1
3.059333E1 6.025307E-2 -2.473554E-1
3.061014E1 6.628514E-2 -2.458719E-1
3.062695E1 7.016122E-2 -2.447891E-1
3.064376E1 7.524859E-2 -2.433333E-1
3.066057E1 7.815649E-2 -2.427131E-1
3.067738E1 8.035921E-2 -2.417241E-1
3.069419E1 8.106643E-2 -2.415684E-1
3.071100E1 8.253467E-2 -2.406987E-1
3.072781E1 8.245811E-2 -2.406352E-1
3.074462E1 8.202386E-2 -2.408358E-1
3.076143E1 7.946837E-2 -2.416599E-1
3.077823E1 7.668968E-2 -2.422778E-1
3.079504E1 7.335698E-2 -2.431668E-1
3.081185E1 6.827192E-2 -2.446950E-1
3.082866E1 6.538230E-2 -2.449689E-1
3.084547E1 5.698849E-2 -2.474409E-1
3.086228E1 5.152972E-2 -2.480624E-1
3.087909E1 4.368770E-2 -2.498372E-1
3.089590E1 3.692123E-2 -2.507004E-1
3.091271E1 2.939819E-2 -2.514507E-1
3.092952E1 2.331664E-2 -2.514629E-1
3.094633E1 1.621327E-2 -2.516134E-1
3.096314E1 8.397608E-3 -2.515589E-1
3.097995E1 2.823208E-5 -2.515809E-1
3.099676E1 -8.389166E-3 -2.514395E-1
3.101357E1 -1.834170E-2 -2.514555E-1
3.103038E1 -2.593236E-2 -2.506150E-1
3.104719E1 -3.463858E-2 -2.498034E-1
3.106400E1 -3.932055E-2 -2.483031E-1
3.108081E1 -4.483588E-2 -2.468452E-1
3.109762E1 -5.296691E-2 -2.457609E-1
3.111443E1 -5.667236E-2 -2.448356E-1
3.113123E1 -6.080674E-2 -2.434457E-1
3.114804E1 -6.491756E-2 -2.424153E-1
3.116485E1 -6.802168E-2 -2.415066E-1
3.118166E1 -7.043158E-2 -2.407919E-1
3.119847E1 -7.243575E-2 -2.401778E-1
3.121528E1 -7.329831E-2 -2.398744E-1
3.123209E1 -7.335596E-2 -2.398750E-1
3.124890E1 -7.272461E-2 -2.400802E-1
3.126571E1 -7.160745E-2 -2.406939E-1
3.128252E1 -6.942770E-2 -2.415306E-1
3.129933E1 -6.655810E-2 -2.424948E-1
3.131614E1 -6.316630E-2 -2.438296E-1
3.133295E1 -5.840990E-2 -2.447988E-1
3.134976E1 -5.461102E-2 -2.463956E-1
3.136657E1 -4.953763E-2 -2.480713E-1
3.138338E1 -4.152032E-2 -2.490953E-1
3.140019E1 -3.517638E-2 -2.505843E-1
3.141700E1 -2.759865E-2 -2.513940E-1
3.143381E1 -2.074971E-2 -2.523198E-1
3.145062E1 -1.290213E-2 -2.531996E-1
3.146743E1 -3.902863E-3 -2.532593E-1
3.148423E1 4.623379E-3 -2.533714E-1
3.150104E1 1.249991E-2 -2.532561E-1
3.151785E1 1.964003E-2 -2.532311E-1
3.153466E1 2.819281E-2 -2.524997E-1
3.155147E1 3.557608E-2 -2.515434E-1
3.156828E1 4.243984E-2 -2.505900E-1
3.158509E1 4.877929E-2 -2.498595E-1
3.160190E1 5.405082E-2 -2.488119E-1
3.161871E1 6.048286E-2 -2.475019E-1
3.163552E1 6.452193E-2 -2.464990E-1
3.165233E1 6.946268E-2 -2.449874E-1
3.166914E1 7.277623E-2 -2.442215E-1
3.168595E1 7.550909E-2 -2.434652E-1
3.170276E1 7.763656E-2 -2.424001E-1
3.171957E1 7.936287E-2 -2.417975E-1
3.173638E1 7.945363E-2 -2.417756E-1
3.175319E1 7.910304E-2 -2.415450E-1
3.177000E1 7.836073E-2 -2.415783E-1
3.178681E1 7.588519E-2 -2.423759E-1
3.180362E1 7.279678E-2 -2.433253E-1
3.182043E1 6.923914E-2 -2.440510E-1
3.183723E1 6.550772E-2 -2.449025E-1
3.185404E1 5.903961E-2 -2.463730E-1
3.187085E1 5.392096E-2 -2.475410E-1
3.188766E1 4.635987E-2 -2.491203E-1
3.190447E1 4.000155E-2 -2.498058E-1
3.192128E1 3.326130E-2 -2.506351E-1
3.193809E1 2.544531E-2 -2.514708E-1
3.195490E1 1.911769E-2 -2.514509E-1
3.197171E1 1.234762E-2 -2.515863E-1
3.198852E1 4.478841E-3 -2.515565E-1
3.200533E1 -3.721265E-3 -2.515411E-1
3.202214E1 -1.233798E-2 -2.514278E-1
3.203895E1 -1.957209E-2 -2.508254E-1
3.205576E1 -2.679767E-2 -2.499846E-1
3.207257E1 -3.471430E-2 -2.490098E-1
3.208938E1 -4.261592E-2 -2.481646E-1
3.210619E1 -4.601175E-2 -2.466634E-1
3.212300E1 -5.396239E-2 -2.456525E-1
3.213981E1 -5.699514E-2 -2.448441E-1
3.215662E1 -6.104955E-2 -2.436867E-1
3.217343E1 -6.496743E-2 -2.425509E-1
3.219023E1 -6.747652E-2 -2.417839E-1
3.220704E1 -6.914565E-2 -2.413967E-1
3.222385E1 -7.052353E-2 -2.409355E-1
3.224066E1 -7.092187E-2 -2.408257E-1
3.225747E1 -7.076316E-2 -2.408860E-1
3.227428E1 -7.020183E-2 -2.414149E-1
3.229109E1 -6.879825E-2 -2.421703E-1
3.230790E1 -6.640375E-2 -2.430273E-1
3.232471E1 -6.279997E-2 -2.440382E-1
3.234152E1 -5.844819E-2 -2.448849E-1
3.235833E1 -5.518084E-2 -2.463740E-1
3.237514E1 -4.886442E-2 -2.474886E-1
3.239195E1 -4.357689E-2 -2.490424E-1
3.240876E1 -3.679607E-2 -2.502438E-1
3.242557E1 -3.184819E-2 -2.513733E-1
3.244238E1 -2.520362E-2 -2.523698E-1
3.245919E1 -1.782254E-2 -2.531914E-1
3.247600E1 -1.107874E-2 -2.539473E-1
3.249281E1 -2.483571E-3 -2.540404E-1
3.250962E1 5.846564E-3 -2.540226E-1
3.252643E1 1.359850E-2 -2.540079E-1
3.254323E1 2.188078E-2 -2.533938E-1
3.256004E1 2.971228E-2 -2.526389E-1
3.257685E1 3.656480E-2 -2.515542E-1
3.259366E1 4.351168E-2 -2.507994E-1
3.261047E1 4.950888E-2 -2.498185E-1
3.262728E1 5.597273E-2 -2.481378E-1
3.264409E1 6.024589E-2 -2.474427E-1
3.266090E1 6.411369E-2 -2.463749E-1
3.267771E1 6.746771E-2 -2.455318E-1
3.269452E1 7.081546E-2 -2.446823E-1
3.271133E1 7.313031E-2 -2.443378E-1
3.272814E1 7.510436E-2 -2.432524E-1
3.274495E1 7.539540E-2 -2.432938E-1
3.276176E1 7.534574E-2 -2.432715E-1
3.277857E1 7.470973E-2 -2.433578E-1
3.279538E1 7.338162E-2 -2.431977E-1
3.281219E1 7.071614E-2 -2.438888E-1
3.282900E1 6.743497E-2 -2.447321E-1
3.284581E1 6.509884E-2 -2.448771E-1
3.286262E1 5.901453E-2 -2.466728E-1
3.287943E1 5.397794E-2 -2.475786E-1
3.289623E1 4.885847E-2 -2.482995E-1
3.291304E1 4.097198E-2 -2.498129E-1
3.292985E1 3.457171E-2 -2.508030E-1
3.294666E1 2.741229E-2 -2.513752E-1
3.296347E1 2.157757E-2 -2.514223E-1
3.298028E1 1.508360E-2 -2.514933E-1
3.299709E1 8.262332E-3 -2.514666E-1
3.301390E1 7.211043E-4 -2.514951E-1
3.303071E1 -7.324447E-3 -2.514861E-1
3.304752E1 -1.613320E-2 -2.514993E-1
3.306433E1 -2.269398E-2 -2.506953E-1
3.308114E1 -3.032820E-2 -2.499051E-1
3.309795E1 -3.718841E-2 -2.490132E-1
3.311476E1 -4.124484E-2 -2.477120E-1
3.313157E1 -4.718575E-2 -2.466297E-1
3.314838E1 -5.423136E-2 -2.456768E-1
3.316519E1 -5.668837E-2 -2.448710E-1
3.318200E1 -6.039091E-2 -2.439354E-1
3.319881E1 -6.337651E-2 -2.431813E-1
3.321562E1 -6.583981E-2 -2.424406E-1
3.323243E1 -6.743758E-2 -2.422577E-1
3.324923E1 -6.892550E-2 -2.421142E-1
3.326604E1 -6.906072E-2 -2.421950E-1
3.328285E1 -6.823275E-2 -2.423702E-1
3.329966E1 -6.816746E-2 -2.429606E-1
3.331647E1 -6.623041E-2 -2.438671E-1
3.333328E1 -6.293449E-2 -2.448424E-1
3.335009E1 -5.830665E-2 -2.451789E-1
3.336690E1 -5.491918E-2 -2.464413E-1
3.338371E1 -4.958934E-2 -2.475204E-1
3.340052E1 -4.510066E-2 -2.488693E-1
3.341733E1 -3.842206E-2 -2.498214E-1
3.343414E1 -3.172261E-2 -2.509254E-1
3.345095E1 -2.500996E-2 -2.516396E-1
3.346776E1 -1.806975E-2 -2.524217E-1
3.348457E1 -1.134812E-2 -2.530918E-1
3.350138E1 -3.195836E-3 -2.532072E-1
3.351819E1 4.753118E-3 -2.533280E-1
3.353500E1 1.216157E-2 -2.532181E-1
3.355181E1 1.871163E-2 -2.531511E-1
3.356862E1 2.671683E-2 -2.523224E-1
3.358543E1 3.407857E-2 -2.513984E-1
3.360223E1 4.073877E-2 -2.505370E-1
3.361904E1 4.662361E-2 -2.497102E-1
3.363585E1 5.177104E-2 -2.489447E-1
3.365266E1 5.789025E-2 -2.475006E-1
3.366947E1 6.210492E-2 -2.465910E-1
3.368628E1 6.550671E-2 -2.457433E-1
3.370309E1 6.847327E-2 -2.447286E-1
3.371990E1 7.133845E-2 -2.441412E-1
3.373671E1 7.334958E-2 -2.432053E-1
3.375352E1 7.395961E-2 -2.433526E-1
3.377033E1 7.386696E-2 -2.433098E-1
3.378714E1 7.333209E-2 -2.431074E-1
3.380395E1 7.253275E-2 -2.431326E-1
3.382076E1 7.009787E-2 -2.439437E-1
3.383757E1 6.829779E-2 -2.439569E-1
3.385438E1 6.489789E-2 -2.447197E-1
3.387119E1 6.070368E-2 -2.455938E-1
3.388800E1 5.428076E-2 -2.473228E-1
3.390481E1 4.954576E-2 -2.481760E-1
3.392162E1 4.396577E-2 -2.491672E-1
3.393843E1 3.780944E-2 -2.498799E-1
3.395523E1 3.104140E-2 -2.507233E-1
3.397204E1 2.363970E-2 -2.514299E-1
3.398885E1 1.759039E-2 -2.514703E-1
3.400566E1 1.141123E-2 -2.515518E-1
3.402247E1 4.422712E-3 -2.515213E-1
3.403928E1 -3.227622E-3 -2.514920E-1
3.405609E1 -1.136477E-2 -2.514669E-1
3.407290E1 -1.726859E-2 -2.507862E-1
3.408971E1 -2.395361E-2 -2.500880E-1
3.410652E1 -3.053095E-2 -2.492451E-1
3.412333E1 -3.660634E-2 -2.482728E-1
3.414014E1 -4.229308E-2 -2.473908E-1
3.415695E1 -4.781031E-2 -2.465205E-1
3.417376E1 -5.424660E-2 -2.456344E-1
3.419057E1 -5.594203E-2 -2.448264E-1
3.420738E1 -5.920406E-2 -2.440902E-1
3.422419E1 -6.172591E-2 -2.434578E-1
3.424100E1 -6.415149E-2 -2.431258E-1
3.425781E1 -6.603956E-2 -2.429243E-1
3.427462E1 -6.690105E-2 -2.429802E-1
3.429143E1 -6.665310E-2 -2.430812E-1
3.430823E1 -6.494269E-2 -2.433632E-1
3.432504E1 -6.377480E-2 -2.439744E-1
3.434185E1 -6.134875E-2 -2.447794E-1
3.435866E1 -5.975576E-2 -2.455760E-1
3.437547E1 -5.519127E-2 -2.465102E-1
3.439228E1 -5.020492E-2 -2.476040E-1
3.440909E1 -4.641112E-2 -2.489045E-1
3.442590E1 -4.008323E-2 -2.497599E-1
3.444271E1 -3.402567E-2 -2.508202E-1
3.445952E1 -2.752882E-2 -2.514937E-1
3.447633E1 -2.095203E-2 -2.522658E-1
3.449314E1 -1.430790E-2 -2.531559E-1
3.450995E1 -6.517009E-3 -2.532127E-1
3.452676E1 9.802882E-4 -2.533261E-1
3.454357E1 8.489262E-3 -2.532715E-1
3.456038E1 1.533573E-2 -2.531552E-1
3.457719E1 2.138446E-2 -2.531658E-1
3.459400E1 2.869536E-2 -2.524072E-1
3.461081E1 3.551192E-2 -2.515166E-1
3.462762E1 4.146802E-2 -2.509069E-1
3.464443E1 4.695451E-2 -2.498837E-1
3.466123E1 5.173231E-2 -2.489171E-1
3.467804E1 5.743114E-2 -2.473083E-1
3.469485E1 6.152661E-2 -2.463405E-1
3.471166E1 6.474852E-2 -2.458074E-1
3.472847E1 6.747260E-2 -2.447230E-1
3.474528E1 7.000330E-2 -2.439924E-1
3.476209E1 7.065664E-2 -2.441058E-1
3.477890E1 7.075881E-2 -2.438516E-1
3.479571E1 7.076029E-2 -2.438486E-1
3.481252E1 7.005868E-2 -2.439254E-1
3.482933E1 6.905024E-2 -2.439115E-1
3.484614E1 6.747256E-2 -2.439849E-1
3.486295E1 6.422050E-2 -2.447968E-1
3.487976E1 6.030762E-2 -2.457393E-1
3.489657E1 5.594386E-2 -2.465236E-1
3.491338E1 5.110788E-2 -2.474424E-1
3.493019E1 4.604329E-2 -2.482494E-1
3.494700E1 4.036654E-2 -2.491298E-1
3.496381E1 3.191213E-2 -2.506562E-1
3.498062E1 2.715951E-2 -2.508230E-1
3.499742E1 1.955849E-2 -2.514584E-1
3.501423E1 1.357244E-2 -2.514902E-1
3.503104E1 7.016147E-3 -2.515243E-1
3.504785E1 9.211189E-5 -2.514935E-1
3.506466E1 -7.298512E-3 -2.514773E-1
3.508147E1 -1.509034E-2 -2.514287E-1
3.509828E1 -2.074277E-2 -2.507217E-1
3.511509E1 -2.688690E-2 -2.499985E-1
3.513190E1 -3.321591E-2 -2.490831E-1
3.514871E1 -3.872362E-2 -2.482937E-1
3.516552E1 -4.391869E-2 -2.474239E-1
3.518233E1 -4.896930E-2 -2.465527E-1
3.519914E1 -5.325687E-2 -2.457057E-1
3.521595E1 -5.646035E-2 -2.449535E-1
3.523276E1 -5.920190E-2 -2.446958E-1
3.524957E1 -6.107950E-2 -2.440824E-1
3.526638E1 -6.312590E-2 -2.438917E-1
3.528319E1 -6.413460E-2 -2.438543E-1
3.530000E1 -6.411927E-2 -2.438968E-1
3.531681E1 -6.360975E-2 -2.440333E-1
3.533362E1 -6.292742E-2 -2.447244E-1
3.535042E1 -6.009832E-2 -2.448892E-1
3.536723E1 -5.426756E-2 -2.464707E-1
3.538404E1 -5.003924E-2 -2.474766E-1
3.540085E1 -4.096493E-2 -2.497824E-1
3.541766E1 -3.546684E-2 -2.506936E-1
3.543447E1 -2.953426E-2 -2.514827E-1
3.545128E1 -2.359795E-2 -2.523544E-1
3.546809E1 -1.756544E-2 -2.530694E-1
3.548490E1 -9.571938E-3 -2.533759E-1
3.550171E1 -2.371620E-3 -2.533824E-1
3.551852E1 4.951119E-3 -2.533177E-1
3.553533E1 1.191267E-2 -2.532667E-1
3.555214E1 1.823085E-2 -2.529976E-1
3.556895E1 2.574555E-2 -2.523229E-1
3.558576E1 3.255470E-2 -2.515126E-1
3.560257E1 3.862507E-2 -2.507981E-1
3.561938E1 4.424693E-2 -2.498374E-1
3.563619E1 4.922948E-2 -2.489389E-1
3.565300E1 5.380869E-2 -2.481579E-1
3.566981E1 5.908813E-2 -2.464490E-1
3.568662E1 6.251688E-2 -2.456337E-1
3.570342E1 6.562032E-2 -2.449434E-1
3.572023E1 6.795927E-2 -2.441493E-1
3.573704E1 6.865515E-2 -2.440122E-1
3.575385E1 7.010943E-2 -2.432502E-1
3.577066E1 7.008294E-2 -2.432092E-1
3.578747E1 6.992765E-2 -2.430945E-1
3.580428E1 6.908201E-2 -2.430965E-1
3.582109E1 6.655863E-2 -2.438361E-1
3.583790E1 6.337815E-2 -2.447239E-1
3.585471E1 6.109969E-2 -2.449654E-1
3.587152E1 5.542088E-2 -2.465829E-1
3.588833E1 5.264467E-2 -2.465617E-1
3.590514E1 4.614572E-2 -2.481861E-1
3.592195E1 4.062011E-2 -2.491678E-1
3.593876E1 3.455176E-2 -2.499029E-1
3.595557E1 2.832113E-2 -2.505908E-1
3.597238E1 2.332224E-2 -2.507120E-1
3.598919E1 1.582390E-2 -2.513975E-1
3.600600E1 9.751017E-3 -2.515256E-1
3.602281E1 2.922846E-3 -2.515297E-1
3.603962E1 -4.137732E-3 -2.514691E-1
3.605642E1 -1.139563E-2 -2.514789E-1
3.607323E1 -1.978259E-2 -2.514661E-1
3.609004E1 -2.484378E-2 -2.506944E-1
3.610685E1 -3.007843E-2 -2.498577E-1
3.612366E1 -3.546382E-2 -2.490786E-1
3.614047E1 -4.043724E-2 -2.482449E-1
3.615728E1 -4.518031E-2 -2.474719E-1
3.617409E1 -4.916003E-2 -2.465907E-1
3.619090E1 -5.267289E-2 -2.457869E-1
3.620771E1 -5.561516E-2 -2.451031E-1
3.622452E1 -5.827616E-2 -2.448313E-1
3.624133E1 -6.015984E-2 -2.447181E-1
3.625814E1 -6.148212E-2 -2.446539E-1
3.627495E1 -6.189986E-2 -2.447063E-1
3.629176E1 -6.170266E-2 -2.447721E-1
3.630857E1 -6.071415E-2 -2.448648E-1
3.632538E1 -6.069406E-2 -2.455257E-1
3.634219E1 -5.668509E-2 -2.459442E-1
3.635900E1 -5.550807E-2 -2.471684E-1
3.637581E1 -5.177114E-2 -2.480814E-1
3.639262E1 -4.708820E-2 -2.489655E-1
3.640942E1 -4.202649E-2 -2.499626E-1
3.642623E1 -3.655166E-2 -2.507811E-1
3.644304E1 -3.106147E-2 -2.515075E-1
3.645985E1 -2.551896E-2 -2.523415E-1
3.647666E1 -1.974660E-2 -2.531060E-1
3.649347E1 -1.213906E-2 -2.533287E-1
3.651028E1 -4.918449E-3 -2.533861E-1
3.652709E1 1.858127E-3 -2.534759E-1
3.654390E1 8.783088E-3 -2.534536E-1
3.656071E1 1.506730E-2 -2.531315E-1
3.657752E1 2.077964E-2 -2.529868E-1
3.659433E1 2.781261E-2 -2.523154E-1
3.661114E1 3.403503E-2 -2.513867E-1
3.662795E1 3.995631E-2 -2.505700E-1
3.664476E1 4.521721E-2 -2.498203E-1
3.666157E1 4.982906E-2 -2.491386E-1
3.667838E1 5.362595E-2 -2.481647E-1
3.669519E1 5.737829E-2 -2.471896E-1
3.671200E1 6.035929E-2 -2.465221E-1
3.672881E1 6.283929E-2 -2.457549E-1
3.674562E1 6.518753E-2 -2.448361E-1
3.676242E1 6.572782E-2 -2.446765E-1
3.677923E1 6.583840E-2 -2.446871E-1
3.679604E1 6.576501E-2 -2.446711E-1
3.681285E1 6.501508E-2 -2.447306E-1
3.682966E1 6.362208E-2 -2.449074E-1
3.684647E1 6.238466E-2 -2.447471E-1
3.686328E1 5.690535E-2 -2.464719E-1
3.688009E1 5.294910E-2 -2.473770E-1
3.689690E1 4.873503E-2 -2.481690E-1
3.691371E1 4.587839E-2 -2.481545E-1
3.693052E1 4.077833E-2 -2.489473E-1
3.694733E1 3.501242E-2 -2.498285E-1
3.696414E1 2.909206E-2 -2.506197E-1
3.698095E1 2.249681E-2 -2.513949E-1
3.699776E1 1.744307E-2 -2.514607E-1
3.701457E1 1.190321E-2 -2.515028E-1
3.703138E1 5.847372E-3 -2.514823E-1
3.704819E1 -4.895042E-4 -2.515094E-1
3.706500E1 -7.354020E-3 -2.514973E-1
3.708181E1 -1.452305E-2 -2.515258E-1
3.709862E1 -1.965861E-2 -2.508397E-1
3.711542E1 -2.793717E-2 -2.506696E-1
3.713223E1 -3.262810E-2 -2.498810E-1
3.714904E1 -3.789744E-2 -2.490658E-1
3.716585E1 -4.186602E-2 -2.482573E-1
3.718266E1 -4.582182E-2 -2.474606E-1
3.719947E1 -4.914644E-2 -2.466803E-1
3.721628E1 -5.306807E-2 -2.459810E-1
3.723309E1 -5.614815E-2 -2.456743E-1
3.724990E1 -5.731874E-2 -2.451877E-1
3.726671E1 -5.840829E-2 -2.449208E-1
3.728352E1 -5.921635E-2 -2.448292E-1
3.730033E1 -5.911452E-2 -2.448585E-1
3.731714E1 -5.841508E-2 -2.450614E-1
3.733395E1 -5.753581E-2 -2.455872E-1
3.735076E1 -5.593143E-2 -2.463494E-1
3.736757E1 -5.366338E-2 -2.471786E-1
3.738438E1 -5.047739E-2 -2.480482E-1
3.740119E1 -4.672791E-2 -2.488757E-1
3.741800E1 -4.222599E-2 -2.498443E-1
3.743481E1 -3.732698E-2 -2.506963E-1
3.745162E1 -3.242447E-2 -2.514042E-1
3.746842E1 -2.713092E-2 -2.523132E-1
3.748523E1 -2.191786E-2 -2.531404E-1
3.750204E1 -1.423398E-2 -2.531501E-1
3.751885E1 -8.884153E-3 -2.539074E-1
3.753566E1 -2.097182E-3 -2.540329E-1
3.755247E1 4.515116E-3 -2.540004E-1
3.756928E1 1.074422E-2 -2.538876E-1
3.758609E1 1.623555E-2 -2.539627E-1
3.760290E1 2.341368E-2 -2.531804E-1
3.761971E1 2.965712E-2 -2.524784E-1
3.763652E1 3.568039E-2 -2.516140E-1
3.765333E1 4.108412E-2 -2.507571E-1
3.767014E1 4.578414E-2 -2.497585E-1
3.768695E1 4.991523E-2 -2.488772E-1
3.770376E1 5.353196E-2 -2.481175E-1
3.772057E1 5.682211E-2 -2.473126E-1
3.773738E1 5.960097E-2 -2.465639E-1
3.775419E1 6.175491E-2 -2.456500E-1
3.777100E1 6.241747E-2 -2.455195E-1
3.778781E1 6.259201E-2 -2.455498E-1
3.780462E1 6.248897E-2 -2.455333E-1
3.782142E1 6.341464E-2 -2.448395E-1
3.783823E1 6.242587E-2 -2.447803E-1
3.785504E1 6.114556E-2 -2.449557E-1
3.787185E1 5.775536E-2 -2.457589E-1
3.788866E1 5.416996E-2 -2.464473E-1
3.790547E1 5.009985E-2 -2.472910E-1
3.792228E1 4.585751E-2 -2.480752E-1
3.793909E1 4.096279E-2 -2.489231E-1
3.795590E1 3.566376E-2 -2.499301E-1
3.797271E1 2.956847E-2 -2.507315E-1
3.798952E1 2.547045E-2 -2.507730E-1
3.800633E1 1.848973E-2 -2.514217E-1
3.802314E1 1.331799E-2 -2.514561E-1
3.803995E1 7.646443E-3 -2.514921E-1
3.805676E1 1.794448E-3 -2.515026E-1
3.807357E1 -4.913306E-3 -2.515284E-1
3.809038E1 -1.147585E-2 -2.515130E-1
3.810719E1 -1.889831E-2 -2.515084E-1
3.812400E1 -2.304721E-2 -2.507510E-1
3.814081E1 -3.156429E-2 -2.506149E-1
3.815762E1 -3.606895E-2 -2.498637E-1
3.817442E1 -3.986989E-2 -2.490709E-1
3.819123E1 -4.301560E-2 -2.482882E-1
3.820804E1 -4.612995E-2 -2.475177E-1
3.822485E1 -4.972542E-2 -2.469021E-1
3.824166E1 -5.321733E-2 -2.465007E-1
3.825847E1 -5.494381E-2 -2.459447E-1
3.827528E1 -5.624081E-2 -2.457178E-1
3.829209E1 -5.730614E-2 -2.456778E-1
3.830890E1 -5.743847E-2 -2.456789E-1
3.832571E1 -5.725059E-2 -2.457548E-1
3.834252E1 -5.704491E-2 -2.463955E-1
3.835933E1 -5.432767E-2 -2.468317E-1
3.837614E1 -5.234723E-2 -2.473593E-1
3.839295E1 -4.955395E-2 -2.481133E-1
3.840976E1 -4.621795E-2 -2.489609E-1
3.842657E1 -4.240961E-2 -2.497762E-1
3.844338E1 -3.779490E-2 -2.507880E-1
3.846019E1 -3.315449E-2 -2.513910E-1
3.847700E1 -2.866722E-2 -2.522676E-1
3.849381E1 -2.380569E-2 -2.531008E-1
3.851062E1 -1.594609E-2 -2.531557E-1
3.852742E1 -1.117159E-2 -2.539939E-1
3.854423E1 -4.624529E-3 -2.540801E-1
3.856104E1 2.010888E-3 -2.540768E-1
3.857785E1 8.005041E-3 -2.540690E-1
3.859466E1 1.359043E-2 -2.539682E-1
3.861147E1 2.046207E-2 -2.533872E-1
3.862828E1 2.514944E-2 -2.530430E-1
3.864509E1 3.098486E-2 -2.522732E-1
3.866190E1 3.641281E-2 -2.515355E-1
3.867871E1 4.139448E-2 -2.508973E-1
3.869552E1 4.582944E-2 -2.497735E-1
3.871233E1 4.954845E-2 -2.490457E-1
3.872914E1 5.288629E-2 -2.482062E-1
3.874595E1 5.588065E-2 -2.472884E-1
3.876276E1 5.840377E-2 -2.464613E-1
3.877957E1 5.885615E-2 -2.465367E-1
3.879638E1 6.035844E-2 -2.458033E-1
3.881319E1 6.025497E-2 -2.457259E-1
3.883000E1 6.003753E-2 -2.456332E-1
3.884681E1 5.915843E-2 -2.456296E-1
3.886362E1 5.792700E-2 -2.458410E-1
3.888042E1 5.495345E-2 -2.463690E-1
3.889723E1 5.322802E-2 -2.464155E-1
3.891404E1 4.930864E-2 -2.473154E-1
3.893085E1 4.510367E-2 -2.480936E-1
3.894766E1 4.247823E-2 -2.481474E-1
3.896447E1 3.735878E-2 -2.492030E-1
3.898128E1 3.173994E-2 -2.498309E-1
3.899809E1 2.562428E-2 -2.508049E-1
3.901490E1 2.153749E-2 -2.506275E-1
3.903171E1 1.444505E-2 -2.513965E-1
3.904852E1 9.320212E-3 -2.514574E-1
3.906533E1 3.611503E-3 -2.515048E-1
3.908214E1 -2.460929E-3 -2.514992E-1
3.909895E1 -8.750446E-3 -2.515244E-1
3.911576E1 -1.503334E-2 -2.514739E-1
3.913257E1 -2.234625E-2 -2.514629E-1
3.914938E1 -2.601896E-2 -2.507016E-1
3.916619E1 -3.022384E-2 -2.499927E-1
3.918300E1 -3.858944E-2 -2.497637E-1
3.919981E1 -4.168645E-2 -2.490340E-1
3.921662E1 -4.343109E-2 -2.482231E-1
3.923342E1 -4.639874E-2 -2.476632E-1
3.925023E1 -5.037163E-2 -2.473610E-1
3.926704E1 -5.171996E-2 -2.466889E-1
3.928385E1 -5.342494E-2 -2.465331E-1
3.930066E1 -5.518596E-2 -2.464991E-1
3.931747E1 -5.549497E-2 -2.465057E-1
3.933428E1 -5.509192E-2 -2.465291E-1
3.935109E1 -5.423352E-2 -2.467536E-1
3.936790E1 -5.331797E-2 -2.472559E-1
3.938471E1 -5.188527E-2 -2.480428E-1
3.940152E1 -5.016916E-2 -2.488978E-1
3.941833E1 -4.747209E-2 -2.497004E-1
3.943514E1 -4.352937E-2 -2.505613E-1
3.945195E1 -3.980300E-2 -2.514139E-1
3.946876E1 -3.398565E-2 -2.516089E-1
3.948557E1 -2.943678E-2 -2.524019E-1
3.950238E1 -2.465539E-2 -2.531893E-1
3.951919E1 -1.749878E-2 -2.532313E-1
3.953600E1 -1.276131E-2 -2.540189E-1
3.955281E1 -6.280549E-3 -2.540834E-1
3.956961E1 -4.236925E-5 -2.539982E-1
3.958642E1 6.017701E-3 -2.540355E-1
3.960323E1 1.154539E-2 -2.538969E-1
3.962004E1 1.673178E-2 -2.538754E-1
3.963685E1 2.324516E-2 -2.531021E-1
3.965366E1 2.910214E-2 -2.522884E-1
3.967047E1 3.494791E-2 -2.513690E-1
3.968728E1 3.995603E-2 -2.506025E-1
3.970409E1 4.425978E-2 -2.498252E-1
3.972090E1 4.790230E-2 -2.491055E-1
3.973771E1 5.109984E-2 -2.482057E-1
3.975452E1 5.416215E-2 -2.472945E-1
3.977133E1 5.676682E-2 -2.464806E-1
3.978814E1 5.751937E-2 -2.463895E-1
3.980495E1 5.916020E-2 -2.456122E-1
3.982176E1 5.922754E-2 -2.456174E-1
3.983857E1 5.916628E-2 -2.455871E-1
3.985538E1 5.839242E-2 -2.455931E-1
3.987219E1 5.748369E-2 -2.456173E-1
3.988900E1 5.610490E-2 -2.457161E-1
3.990581E1 5.276551E-2 -2.465390E-1
3.992261E1 4.909425E-2 -2.472374E-1
3.993942E1 4.670525E-2 -2.473254E-1
3.995623E1 4.247265E-2 -2.481274E-1
3.997304E1 3.765042E-2 -2.489909E-1
3.998985E1 3.250965E-2 -2.497779E-1
