#multi:
 cart  mass A  
t x y x y 
0.000000E0 5.207434E-2 -4.075383E-2 6.226280E-2 -4.131986E-1
1.667926E-2 5.208600E-2 -4.077046E-2 6.177796E-2 -4.147070E-1
3.335853E-2 5.211247E-2 -4.077064E-2 6.103781E-2 -4.162157E-1
5.003779E-2 5.210601E-2 -4.076918E-2 6.053056E-2 -4.176429E-1
6.671706E-2 5.209319E-2 -4.076692E-2 5.984817E-2 -4.189301E-1
8.339632E-2 5.198630E-2 -4.081464E-2 5.899948E-2 -4.202118E-1
1.000756E-1 5.188529E-2 -4.089533E-2 5.826574E-2 -4.214456E-1
1.167549E-1 5.078455E-2 -4.084606E-2 5.732203E-2 -4.226984E-1
1.334341E-1 4.886912E-2 -4.089481E-2 5.648226E-2 -4.246780E-1
1.501134E-1 4.594967E-2 -4.088277E-2 5.553868E-2 -4.274387E-1
1.667926E-1 4.287941E-2 -4.080788E-2 5.460580E-2 -4.301360E-1
1.834719E-1 3.970523E-2 -4.076467E-2 5.372791E-2 -4.326474E-1
2.001512E-1 3.648322E-2 -4.077535E-2 5.253971E-2 -4.345989E-1
2.168304E-1 3.327629E-2 -4.076075E-2 5.143577E-2 -4.365446E-1
2.335097E-1 2.995243E-2 -4.070330E-2 5.033984E-2 -4.381712E-1
2.501890E-1 2.720747E-2 -4.070367E-2 4.935845E-2 -4.388607E-1
2.668682E-1 2.367767E-2 -4.071995E-2 4.860826E-2 -4.386545E-1
2.835475E-1 1.957172E-2 -4.071359E-2 4.805794E-2 -4.384696E-1
3.002268E-1 1.533137E-2 -4.067198E-2 3.962178E-2 -4.347076E-1
3.169060E-1 1.130509E-2 -4.076914E-2 3.735768E-2 -4.347076E-1
3.335853E-1 7.010261E-3 -4.077061E-2 3.735768E-2 -4.347076E-1
3.502646E-1 2.166680E-3 -4.081127E-2 3.735768E-2 -4.347076E-1
3.669438E-1 -3.136326E-3 -4.074240E-2 3.735768E-2 -4.347076E-1
3.836231E-1 -8.799522E-3 -4.060612E-2 3.282948E-2 -4.347076E-1
4.003023E-1 -1.516943E-2 -4.072985E-2 3.169743E-2 -4.347076E-1
4.169816E-1 -2.114025E-2 -4.084214E-2 2.943333E-2 -4.324435E-1
4.336609E-1 -2.837198E-2 -4.060991E-2 2.603717E-2 -4.301794E-1
4.503401E-1 -3.651671E-2 -4.135429E-2 2.377307E-2 -4.301794E-1
4.670194E-1 -4.480409E-2 -4.158629E-2 2.150897E-2 -4.301794E-1
4.836987E-1 -5.306047E-2 -4.111506E-2 1.811282E-2 -4.256512E-1
5.003779E-1 -6.096433E-2 -4.093386E-2 1.358461E-2 -4.222550E-1
5.170572E-1 -6.859951E-2 -4.070460E-2 1.901191E-2 -4.238850E-1
5.337365E-1 -7.624079E-2 -4.035008E-2 1.692269E-2 -4.226315E-1
5.504157E-1 -8.324020E-2 -4.043345E-2 1.190856E-2 -4.197066E-1
5.670950E-1 -9.094905E-2 -4.050235E-2 7.312275E-3 -4.188709E-1
5.837743E-1 -9.843886E-2 -4.045637E-2 3.969521E-3 -4.184530E-1
6.004535E-1 -1.055940E-1 -3.991161E-2 -1.951512E-3 -4.169513E-1
6.171328E-1 -1.079524E-1 -3.896409E-2 -7.974924E-3 -4.153270E-1
6.338120E-1 -1.095442E-1 -3.852523E-2 -1.429320E-2 -4.134116E-1
6.504913E-1 -1.107337E-1 -3.909838E-2 -2.157910E-2 -4.118970E-1
6.671706E-1 -1.118516E-1 -3.943702E-2 -2.883585E-2 -4.118340E-1
6.838498E-1 -1.127733E-1 -3.923719E-2 -3.636783E-2 -4.122266E-1
7.005291E-1 -1.131880E-1 -3.898634E-2 -4.369142E-2 -4.116995E-1
7.172084E-1 -1.131846E-1 -3.922376E-2 -5.094905E-2 -4.102539E-1
7.338876E-1 -1.126138E-1 -3.943823E-2 -5.868872E-2 -4.091424E-1
7.505669E-1 -1.117633E-1 -3.916212E-2 -6.603448E-2 -4.090629E-1
7.672462E-1 -1.109220E-1 -3.912013E-2 -7.328800E-2 -4.085907E-1
7.839254E-1 -1.099416E-1 -3.933288E-2 -8.074535E-2 -4.074609E-1
8.006047E-1 -1.090723E-1 -3.929008E-2 -8.695134E-2 -4.061290E-1
8.172840E-1 -1.083482E-1 -3.925009E-2 -9.357285E-2 -4.052040E-1
8.339632E-1 -1.078701E-1 -3.926743E-2 -9.918977E-2 -4.045207E-1
8.506425E-1 -1.076133E-1 -3.945828E-2 -1.054976E-1 -4.043173E-1
8.673217E-1 -1.075998E-1 -3.934654E-2 -1.107788E-1 -4.036638E-1
8.840010E-1 -1.076686E-1 -3.935450E-2 -1.162609E-1 -4.029776E-1
9.006803E-1 -1.076295E-1 -3.949320E-2 -1.211496E-1 -4.027755E-1
9.173595E-1 -1.074318E-1 -3.967792E-2 -1.260215E-1 -4.030531E-1
9.340388E-1 -1.074404E-1 -3.996893E-2 -1.301379E-1 -4.035057E-1
9.507181E-1 -1.072243E-1 -3.996067E-2 -1.325857E-1 -4.038935E-1
9.673973E-1 -1.070226E-1 -4.010952E-2 -1.348424E-1 -4.045961E-1
9.840766E-1 -1.067290E-1 -4.005879E-2 -1.367815E-1 -4.052573E-1
1.000756E0 -1.065876E-1 -4.015440E-2 -1.381656E-1 -4.059529E-1
1.017435E0 -1.064105E-1 -4.018415E-2 -1.379857E-1 -4.074222E-1
1.034114E0 -1.063032E-1 -4.014377E-2 -1.384893E-1 -4.086916E-1
1.050794E0 -1.064322E-1 -4.008115E-2 -1.381502E-1 -4.094215E-1
1.067473E0 -1.066173E-1 -4.006863E-2 -1.364728E-1 -4.109493E-1
1.084152E0 -1.066782E-1 -4.004281E-2 -1.341294E-1 -4.125175E-1
1.100831E0 -1.066917E-1 -4.002437E-2 -1.313748E-1 -4.140572E-1
1.117511E0 -1.066893E-1 -3.999273E-2 -1.277628E-1 -4.155741E-1
1.134190E0 -1.066825E-1 -3.998107E-2 -1.237056E-1 -4.169108E-1
1.150869E0 -1.066551E-1 -3.998034E-2 -1.186484E-1 -4.185823E-1
1.167549E0 -1.066542E-1 -3.996485E-2 -1.129297E-1 -4.202946E-1
1.184228E0 -1.066375E-1 -3.995353E-2 -1.065983E-1 -4.219909E-1
1.200907E0 -1.066289E-1 -3.995156E-2 -9.996421E-2 -4.234662E-1
1.217586E0 -1.066371E-1 -3.997337E-2 -9.288975E-2 -4.249546E-1
1.234266E0 -1.066436E-1 -3.998013E-2 -8.570680E-2 -4.263495E-1
1.250945E0 -1.066533E-1 -3.997933E-2 -7.800895E-2 -4.270670E-1
1.267624E0 -1.066605E-1 -3.998197E-2 -7.039431E-2 -4.278907E-1
1.284303E0 -1.066682E-1 -3.997641E-2 -6.305219E-2 -4.285450E-1
1.300983E0 -1.066723E-1 -3.997078E-2 -5.562363E-2 -4.293929E-1
1.317662E0 -1.066774E-1 -4.000505E-2 -4.829964E-2 -4.300671E-1
1.334341E0 -1.066791E-1 -3.999424E-2 -4.151566E-2 -4.304494E-1
1.351020E0 -1.066806E-1 -3.999633E-2 -3.479366E-2 -4.303174E-1
1.367700E0 -1.066799E-1 -3.998561E-2 -2.801676E-2 -4.304075E-1
1.384379E0 -1.066836E-1 -3.997929E-2 -2.142438E-2 -4.301926E-1
1.401058E0 -1.067155E-1 -3.998239E-2 -1.668358E-2 -4.293417E-1
1.417737E0 -1.067099E-1 -4.001709E-2 -1.175202E-2 -4.285550E-1
1.434417E0 -1.067224E-1 -4.000955E-2 4.562058E-3 -4.318412E-1
1.451096E0 -1.067229E-1 -4.002320E-2 8.250092E-3 -4.302422E-1
1.467775E0 -1.066767E-1 -4.007592E-2 4.984957E-3 -4.270652E-1
1.484455E0 -1.066721E-1 -4.004888E-2 7.675095E-3 -4.256480E-1
1.501134E0 -1.066760E-1 -4.002993E-2 9.738013E-3 -4.244521E-1
1.517813E0 -1.066778E-1 -4.001477E-2 1.469286E-2 -4.238762E-1
1.534492E0 -1.066928E-1 -4.011022E-2 1.232421E-2 -4.219096E-1
1.551172E0 -1.066911E-1 -4.007395E-2 1.280238E-2 -4.209174E-1
1.567851E0 -1.066883E-1 -4.004806E-2 1.276615E-2 -4.200535E-1
1.584530E0 -1.066986E-1 -4.003265E-2 1.144445E-2 -4.192483E-1
1.601209E0 -1.067085E-1 -4.002694E-2 9.213980E-3 -4.184632E-1
1.617889E0 -1.067048E-1 -4.001459E-2 6.419033E-3 -4.175387E-1
1.634568E0 -1.066998E-1 -4.004383E-2 3.012926E-3 -4.169836E-1
1.651247E0 -1.067143E-1 -4.003229E-2 -1.128974E-3 -4.162123E-1
1.667926E0 -1.067126E-1 -4.002328E-2 -5.236887E-3 -4.155973E-1
1.684606E0 -1.068001E-1 -4.006480E-2 -1.006436E-2 -4.150847E-1
1.701285E0 -1.067924E-1 -4.010883E-2 -1.504781E-2 -4.147244E-1
1.717964E0 -1.067822E-1 -4.008041E-2 -2.031242E-2 -4.143183E-1
1.734643E0 -1.067900E-1 -4.007622E-2 -2.559280E-2 -4.140211E-1
1.751323E0 -1.067766E-1 -4.008735E-2 -3.165746E-2 -4.135003E-1
1.768002E0 -1.067704E-1 -4.006302E-2 -3.743442E-2 -4.131994E-1
1.784681E0 -1.067595E-1 -4.004531E-2 -4.292151E-2 -4.126882E-1
1.801361E0 -1.067482E-1 -4.002860E-2 -4.728989E-2 -4.120058E-1
1.818040E0 -1.067440E-1 -4.004971E-2 -5.620006E-2 -4.113497E-1
1.834719E0 -1.067315E-1 -4.002906E-2 -5.964304E-2 -4.116790E-1
1.851398E0 -1.067616E-1 -4.013903E-2 -6.479538E-2 -4.114569E-1
1.868078E0 -1.067515E-1 -4.009642E-2 -6.975580E-2 -4.114145E-1
1.884757E0 -1.067460E-1 -4.006245E-2 -7.413306E-2 -4.109808E-1
1.901436E0 -1.067491E-1 -4.003826E-2 -7.879435E-2 -4.109889E-1
1.918115E0 -1.067061E-1 -4.003130E-2 -8.312817E-2 -4.108256E-1
1.934795E0 -1.066998E-1 -4.003477E-2 -8.705566E-2 -4.110407E-1
1.951474E0 -1.066635E-1 -4.001219E-2 -9.083969E-2 -4.110169E-1
1.968153E0 -1.065975E-1 -4.008526E-2 -9.461097E-2 -4.116710E-1
1.984832E0 -1.066289E-1 -4.005850E-2 -9.832667E-2 -4.122431E-1
2.001512E0 -1.065971E-1 -4.002968E-2 -1.014430E-1 -4.131729E-1
2.018191E0 -1.065155E-1 -4.001658E-2 -1.041487E-1 -4.139980E-1
2.034870E0 -1.064766E-1 -4.007671E-2 -1.063938E-1 -4.149837E-1
2.051550E0 -1.065363E-1 -4.004871E-2 -1.081343E-1 -4.158723E-1
2.068229E0 -1.065609E-1 -4.004219E-2 -1.062371E-1 -4.159856E-1
2.084908E0 -1.065851E-1 -4.018487E-2 -1.077340E-1 -4.175149E-1
2.101587E0 -1.066096E-1 -4.016557E-2 -1.092900E-1 -4.192525E-1
2.118267E0 -1.066271E-1 -4.014029E-2 -1.094559E-1 -4.204989E-1
2.134946E0 -1.066388E-1 -4.009440E-2 -1.095486E-1 -4.219410E-1
2.151625E0 -1.066484E-1 -4.008317E-2 -1.072625E-1 -4.238667E-1
2.168304E0 -1.066569E-1 -4.005909E-2 -1.073456E-1 -4.242766E-1
2.184984E0 -1.066639E-1 -4.004688E-2 -1.060707E-1 -4.249482E-1
2.201663E0 -1.066677E-1 -4.004012E-2 -9.585089E-2 -4.310168E-1
2.218342E0 -1.066674E-1 -4.003807E-2 -9.132346E-2 -4.332485E-1
2.235021E0 -1.066691E-1 -4.002467E-2 -8.744248E-2 -4.355483E-1
2.251701E0 -1.066885E-1 -4.008345E-2 -8.293623E-2 -4.373381E-1
2.268380E0 -1.066901E-1 -4.008828E-2 -7.878265E-2 -4.390525E-1
2.285059E0 -1.066873E-1 -4.007375E-2 -7.481697E-2 -4.405485E-1
2.301738E0 -1.066875E-1 -4.013271E-2 -7.042042E-2 -4.416285E-1
2.318418E0 -1.066897E-1 -4.010373E-2 -6.584274E-2 -4.422751E-1
2.335097E0 -1.066890E-1 -4.008445E-2 -6.150782E-2 -4.431866E-1
2.351776E0 -1.066826E-1 -4.012810E-2 -5.642098E-2 -4.435668E-1
2.368456E0 -1.066810E-1 -4.011730E-2 -5.134586E-2 -4.437848E-1
2.385135E0 -1.066859E-1 -4.018261E-2 -4.599228E-2 -4.436647E-1
2.401814E0 -1.066772E-1 -4.014655E-2 -4.117608E-2 -4.431927E-1
2.418493E0 -1.066579E-1 -4.012715E-2 -3.594002E-2 -4.425217E-1
2.435173E0 -1.066589E-1 -4.013047E-2 -3.085274E-2 -4.417036E-1
2.451852E0 -1.066648E-1 -4.020343E-2 -2.623664E-2 -4.405417E-1
2.468531E0 -1.066663E-1 -4.015339E-2 -2.230425E-2 -4.393024E-1
2.485210E0 -1.066608E-1 -4.014912E-2 -1.879589E-2 -4.378072E-1
2.501890E0 -1.066699E-1 -4.013729E-2 -1.578963E-2 -4.362853E-1
2.518569E0 -1.066699E-1 -4.009992E-2 -1.368098E-2 -4.346664E-1
2.535248E0 -1.066898E-1 -4.014500E-2 -1.196871E-2 -4.331806E-1
2.551927E0 -1.066838E-1 -4.009978E-2 -1.077840E-2 -4.317107E-1
2.568607E0 -1.066822E-1 -4.008700E-2 -1.023141E-2 -4.304505E-1
2.585286E0 -1.066817E-1 -4.006569E-2 -9.707010E-3 -4.289249E-1
2.601965E0 -1.066885E-1 -4.008482E-2 -9.832683E-3 -4.275193E-1
2.618644E0 -1.066883E-1 -4.009327E-2 -1.030756E-2 -4.261121E-1
2.635324E0 -1.066860E-1 -4.008671E-2 -1.122895E-2 -4.248919E-1
2.652003E0 -1.066940E-1 -4.010511E-2 -1.283633E-2 -4.236795E-1
2.668682E0 -1.066936E-1 -4.015312E-2 -1.459177E-2 -4.226356E-1
2.685362E0 -1.066932E-1 -4.016391E-2 -1.682387E-2 -4.215682E-1
2.702041E0 -1.066931E-1 -4.025402E-2 -1.963228E-2 -4.206353E-1
2.718720E0 -1.066910E-1 -4.020499E-2 -2.263742E-2 -4.200677E-1
2.735399E0 -1.066898E-1 -4.023691E-2 -2.603179E-2 -4.196163E-1
2.752079E0 -1.066851E-1 -4.024025E-2 -2.979523E-2 -4.186577E-1
2.768758E0 -1.066905E-1 -4.022708E-2 -3.327038E-2 -4.183868E-1
2.785437E0 -1.066955E-1 -4.018245E-2 -3.608893E-2 -4.179270E-1
2.802116E0 -1.066912E-1 -4.014385E-2 -3.948628E-2 -4.155281E-1
2.818796E0 -1.066913E-1 -4.011975E-2 -4.115766E-2 -4.146924E-1
2.835475E0 -1.066998E-1 -4.014428E-2 -4.536866E-2 -4.168097E-1
2.852154E0 -1.067032E-1 -4.017183E-2 -4.854713E-2 -4.166575E-1
2.868833E0 -1.066939E-1 -4.023396E-2 -5.174828E-2 -4.166607E-1
2.885513E0 -1.066933E-1 -4.018003E-2 -5.485325E-2 -4.165235E-1
2.902192E0 -1.066920E-1 -4.014895E-2 -5.785953E-2 -4.167999E-1
2.918871E0 -1.066871E-1 -4.014460E-2 -6.067291E-2 -4.168735E-1
2.935551E0 -1.066929E-1 -4.019736E-2 -6.349916E-2 -4.171512E-1
2.952230E0 -1.066964E-1 -4.017127E-2 -6.662157E-2 -4.172896E-1
2.968909E0 -1.066982E-1 -4.015664E-2 -6.937780E-2 -4.182027E-1
2.985588E0 -1.066953E-1 -4.014297E-2 -7.167445E-2 -4.186276E-1
3.002268E0 -1.066935E-1 -4.012442E-2 -7.423422E-2 -4.192553E-1
3.018947E0 -1.066929E-1 -4.013416E-2 -7.646532E-2 -4.197266E-1
3.035626E0 -1.065709E-1 -4.036504E-2 -7.765644E-2 -4.204284E-1
3.052305E0 -1.065849E-1 -4.057822E-2 -7.936264E-2 -4.210058E-1
3.068985E0 -1.056930E-1 -4.070378E-2 -8.065877E-2 -4.214758E-1
3.085664E0 -1.001870E-1 -4.100811E-2 -8.112484E-2 -4.217108E-1
3.102343E0 -9.179683E-2 -4.101260E-2 -8.160940E-2 -4.215976E-1
3.119022E0 -8.190376E-2 -4.168120E-2 -8.169667E-2 -4.218388E-1
3.135702E0 -7.161566E-2 -4.246404E-2 -8.179429E-2 -4.213674E-1
3.152381E0 -6.124044E-2 -4.269833E-2 -8.199415E-2 -4.208604E-1
3.169060E0 -4.886109E-2 -4.320490E-2 -8.125976E-2 -4.208285E-1
3.185739E0 -3.615044E-2 -4.355050E-2 -7.940541E-2 -4.203226E-1
3.202419E0 -2.361582E-2 -4.368766E-2 -7.700464E-2 -4.188954E-1
3.219098E0 -1.811741E-2 -4.318480E-2 -7.079470E-2 -4.184551E-1
3.235777E0 -2.775558E-17 -4.301794E-2 -6.835877E-2 -4.186393E-1
3.252457E0 1.471666E-2 -4.528204E-2 -6.417149E-2 -4.177320E-1
3.269136E0 2.558227E-2 -4.593951E-2 -5.793767E-2 -4.155025E-1
3.285815E0 4.109884E-2 -4.581772E-2 -5.243946E-2 -4.130211E-1
3.302494E0 5.667976E-2 -4.611226E-2 -3.948628E-2 -4.084248E-1
3.319174E0 6.061650E-2 -4.555905E-2 -2.817603E-2 -4.036561E-1
3.335853E0 6.352717E-2 -4.571848E-2 -1.968019E-2 -3.987132E-1
3.352532E0 6.710528E-2 -4.593080E-2 -6.632010E-3 -3.985022E-1
3.369211E0 7.030388E-2 -4.660910E-2 3.245983E-3 -4.009199E-1
3.385891E0 7.219883E-2 -4.673902E-2 1.436444E-2 -4.014116E-1
3.402570E0 7.289270E-2 -4.661666E-2 2.573225E-2 -4.063261E-1
3.419249E0 7.212967E-2 -4.664740E-2 3.916908E-2 -4.165328E-1
3.435928E0 6.987253E-2 -4.664966E-2 5.075549E-2 -4.224287E-1
3.452608E0 6.718397E-2 -4.665242E-2 6.069187E-2 -4.237157E-1
3.469287E0 6.446152E-2 -4.647377E-2 7.240848E-2 -4.214645E-1
3.485966E0 6.213740E-2 -4.655505E-2 8.589519E-2 -4.178640E-1
3.502646E0 6.047628E-2 -4.674637E-2 9.874028E-2 -4.149605E-1
3.519325E0 5.939199E-2 -4.668336E-2 1.110817E-1 -4.150821E-1
3.536004E0 5.886477E-2 -4.668580E-2 1.209818E-1 -4.154938E-1
3.552683E0 5.852885E-2 -4.665421E-2 1.310159E-1 -4.151022E-1
3.569363E0 5.860077E-2 -4.671012E-2 1.540219E-1 -4.140985E-1
3.586042E0 5.882419E-2 -4.670348E-2 1.616883E-1 -4.093292E-1
3.602721E0 5.912345E-2 -4.671046E-2 1.560874E-1 -4.078614E-1
3.619400E0 5.945908E-2 -4.672990E-2 1.656550E-1 -4.065339E-1
3.636080E0 5.998473E-2 -4.672603E-2 1.711573E-1 -4.045236E-1
3.652759E0 6.036611E-2 -4.666304E-2 1.760671E-1 -4.035588E-1
3.669438E0 6.060136E-2 -4.667871E-2 1.802773E-1 -4.019276E-1
3.686117E0 6.060881E-2 -4.676202E-2 1.807485E-1 -4.025618E-1
3.702797E0 6.057350E-2 -4.673122E-2 1.807659E-1 -4.000327E-1
3.719476E0 6.029088E-2 -4.674896E-2 1.811484E-1 -3.986549E-1
3.736155E0 5.982610E-2 -4.684150E-2 1.811227E-1 -3.988256E-1
3.752834E0 5.899604E-2 -4.686898E-2 1.804984E-1 -3.989879E-1
3.769514E0 5.818110E-2 -4.697970E-2 1.756322E-1 -3.999176E-1
3.786193E0 5.726137E-2 -4.727294E-2 1.693023E-1 -4.000854E-1
3.802872E0 5.651410E-2 -4.755016E-2 1.611046E-1 -4.006872E-1
3.819552E0 5.584686E-2 -4.749362E-2 1.530628E-1 -4.011425E-1
3.836231E0 5.555776E-2 -4.758759E-2 1.447809E-1 -4.029522E-1
3.852910E0 5.539584E-2 -4.760469E-2 1.357467E-1 -4.057011E-1
3.869589E0 5.540958E-2 -4.760836E-2 1.261075E-1 -4.086119E-1
3.886269E0 5.542195E-2 -4.757784E-2 1.157450E-1 -4.102305E-1
3.902948E0 5.554176E-2 -4.766215E-2 1.039838E-1 -4.116159E-1
3.919627E0 5.563926E-2 -4.775601E-2 9.224833E-2 -4.125533E-1
3.936306E0 5.577348E-2 -4.775054E-2 7.980294E-2 -4.139207E-1
3.952986E0 5.590459E-2 -4.765251E-2 6.745759E-2 -4.152510E-1
3.969665E0 5.610358E-2 -4.778131E-2 5.431816E-2 -4.158335E-1
3.986344E0 5.614241E-2 -4.770553E-2 4.211311E-2 -4.152589E-1
4.003023E0 5.610504E-2 -4.764553E-2 2.986301E-2 -4.145287E-1
4.019703E0 5.597163E-2 -4.760515E-2 1.761147E-2 -4.137570E-1
4.036382E0 5.588866E-2 -4.771833E-2 6.022917E-3 -4.131653E-1
4.053061E0 5.594236E-2 -4.766117E-2 -5.179178E-3 -4.122925E-1
4.069740E0 5.602100E-2 -4.762741E-2 -1.517206E-2 -4.108275E-1
4.086420E0 5.610571E-2 -4.760812E-2 -2.406834E-2 -4.089659E-1
4.103099E0 5.628161E-2 -4.768147E-2 -3.280078E-2 -4.080069E-1
4.119778E0 5.635401E-2 -4.767053E-2 -4.165130E-2 -4.025396E-1
4.136458E0 5.649180E-2 -4.767206E-2 -4.874791E-2 -3.996417E-1
4.153137E0 5.646033E-2 -4.766779E-2 -5.364207E-2 -3.976002E-1
4.169816E0 5.644311E-2 -4.767940E-2 -5.786614E-2 -3.962190E-1
4.186495E0 5.640450E-2 -4.765359E-2 -6.023529E-2 -3.946746E-1
4.203175E0 5.638175E-2 -4.763780E-2 -6.163516E-2 -3.939910E-1
4.219854E0 5.635212E-2 -4.761320E-2 -6.156372E-2 -3.940004E-1
4.236533E0 5.634543E-2 -4.759197E-2 -6.018565E-2 -3.948438E-1
4.253212E0 5.635786E-2 -4.759329E-2 -5.811454E-2 -3.964959E-1
4.269892E0 5.653324E-2 -4.758657E-2 -5.487290E-2 -3.985626E-1
4.286571E0 5.680554E-2 -4.752412E-2 -5.058253E-2 -4.008169E-1
4.303250E0 5.714121E-2 -4.755318E-2 -4.532356E-2 -4.028722E-1
4.319929E0 5.715992E-2 -4.756158E-2 -3.896469E-2 -4.053856E-1
4.336609E0 5.715051E-2 -4.756238E-2 -3.158989E-2 -4.078161E-1
4.353288E0 5.702365E-2 -4.754919E-2 -2.356531E-2 -4.105581E-1
4.369967E0 5.680387E-2 -4.753873E-2 -1.476939E-2 -4.132551E-1
4.386647E0 5.664982E-2 -4.758993E-2 -5.195020E-3 -4.158466E-1
4.403326E0 5.642830E-2 -4.759710E-2 4.618661E-3 -4.186776E-1
4.420005E0 5.636334E-2 -4.757139E-2 1.517252E-2 -4.210029E-1
4.436684E0 5.633888E-2 -4.756415E-2 2.665089E-2 -4.231388E-1
4.453364E0 5.632699E-2 -4.756162E-2 3.840673E-2 -4.248727E-1
4.470043E0 5.632690E-2 -4.756295E-2 5.025655E-2 -4.258222E-1
4.486722E0 5.633134E-2 -4.760495E-2 6.509349E-2 -4.283917E-1
4.503401E0 5.631590E-2 -4.759718E-2 7.635013E-2 -4.279081E-1
4.520081E0 5.619685E-2 -4.765561E-2 8.651973E-2 -4.261370E-1
4.536760E0 5.606433E-2 -4.774056E-2 1.028258E-1 -4.266880E-1
4.553439E0 5.590786E-2 -4.769438E-2 1.086842E-1 -4.233162E-1
4.570118E0 5.577721E-2 -4.782166E-2 1.195181E-1 -4.216054E-1
4.586798E0 5.548464E-2 -4.783240E-2 1.290869E-1 -4.199485E-1
4.603477E0 5.539831E-2 -4.776678E-2 1.376651E-1 -4.176312E-1
4.620156E0 5.539040E-2 -4.771133E-2 1.463528E-1 -4.143525E-1
4.636835E0 5.533318E-2 -4.767510E-2 1.534197E-1 -4.117691E-1
4.653515E0 5.535634E-2 -4.764741E-2 1.597074E-1 -4.096292E-1
4.670194E0 5.538043E-2 -4.762182E-2 1.610790E-1 -4.084248E-1
4.686873E0 5.538448E-2 -4.765837E-2 1.648396E-1 -4.067534E-1
4.703553E0 5.539860E-2 -4.764205E-2 1.709982E-1 -4.030346E-1
4.720232E0 5.539321E-2 -4.769818E-2 1.725574E-1 -4.015091E-1
4.736911E0 5.539069E-2 -4.775101E-2 1.728623E-1 -4.004788E-1
4.753590E0 5.539521E-2 -4.772208E-2 1.716494E-1 -4.000380E-1
4.770270E0 5.540282E-2 -4.777927E-2 1.697271E-1 -4.001304E-1
4.786949E0 5.540418E-2 -4.773820E-2 1.664019E-1 -4.007585E-1
4.803628E0 5.542964E-2 -4.766548E-2 1.623424E-1 -4.017324E-1
4.820307E0 5.543413E-2 -4.764306E-2 1.571283E-1 -4.033105E-1
4.836987E0 5.543914E-2 -4.762680E-2 1.509003E-1 -4.048708E-1
4.853666E0 5.545492E-2 -4.760237E-2 1.438999E-1 -4.068226E-1
4.870345E0 5.547450E-2 -4.760328E-2 1.359564E-1 -4.085352E-1
4.887024E0 5.551615E-2 -4.758575E-2 1.271770E-1 -4.103537E-1
4.903704E0 5.559916E-2 -4.756390E-2 1.175080E-1 -4.120635E-1
4.920383E0 5.556731E-2 -4.756615E-2 1.006456E-1 -4.167079E-1
4.937062E0 5.554215E-2 -4.757249E-2 8.830204E-2 -4.183507E-1
4.953741E0 5.552521E-2 -4.751541E-2 8.566949E-2 -4.168146E-1
4.970421E0 5.552624E-2 -4.753089E-2 7.511727E-2 -4.176693E-1
4.987100E0 5.552442E-2 -4.750831E-2 6.373533E-2 -4.182197E-1
5.003779E0 5.559048E-2 -4.752637E-2 5.240060E-2 -4.185146E-1
5.020459E0 5.556486E-2 -4.754196E-2 4.118543E-2 -4.184579E-1
5.037138E0 5.562728E-2 -4.756287E-2 3.080966E-2 -4.183862E-1
5.053817E0 5.559131E-2 -4.756171E-2 1.692269E-2 -4.180352E-1
5.070496E0 5.563543E-2 -4.755110E-2 8.147964E-3 -4.171995E-1
5.087176E0 5.564438E-2 -4.755669E-2 3.926426E-3 -4.182357E-1
5.103855E0 5.567731E-2 -4.755288E-2 -4.063290E-3 -4.175001E-1
5.120534E0 5.572871E-2 -4.751887E-2 -1.178168E-2 -4.170840E-1
5.137213E0 5.570177E-2 -4.752150E-2 -1.842719E-2 -4.165258E-1
5.153893E0 5.567396E-2 -4.753283E-2 -2.420475E-2 -4.161488E-1
5.170572E0 5.572463E-2 -4.754645E-2 -2.916840E-2 -4.157762E-1
5.187251E0 5.567880E-2 -4.755003E-2 -3.317913E-2 -4.156777E-1
5.203930E0 5.566198E-2 -4.752696E-2 -3.620065E-2 -4.157499E-1
5.220610E0 5.565958E-2 -4.746770E-2 -3.830953E-2 -4.159742E-1
5.237289E0 5.563872E-2 -4.750266E-2 -3.949483E-2 -4.162759E-1
5.253968E0 5.574575E-2 -4.747935E-2 -3.960610E-2 -4.165750E-1
5.270648E0 5.590303E-2 -4.747532E-2 -3.859627E-2 -4.174418E-1
5.287327E0 5.615566E-2 -4.741105E-2 -3.641582E-2 -4.184043E-1
5.304006E0 5.631433E-2 -4.742250E-2 -3.318639E-2 -4.194698E-1
5.320685E0 5.637965E-2 -4.745439E-2 -2.911537E-2 -4.208275E-1
5.337365E0 5.645442E-2 -4.747141E-2 -2.416758E-2 -4.224145E-1
5.354044E0 5.643527E-2 -4.749271E-2 -1.834016E-2 -4.239800E-1
5.370723E0 5.647998E-2 -4.752650E-2 -1.186038E-2 -4.255375E-1
5.387402E0 5.646474E-2 -4.752654E-2 -4.197577E-3 -4.267661E-1
5.404082E0 5.645516E-2 -4.750611E-2 3.808688E-3 -4.280191E-1
5.420761E0 5.647948E-2 -4.745100E-2 1.243907E-2 -4.286868E-1
5.437440E0 5.657646E-2 -4.747776E-2 2.183445E-2 -4.292701E-1
5.454119E0 5.658983E-2 -4.748265E-2 3.166369E-2 -4.298816E-1
5.470799E0 5.661559E-2 -4.748777E-2 4.129688E-2 -4.302631E-1
5.487478E0 5.684371E-2 -4.746146E-2 5.131784E-2 -4.301592E-1
5.504157E0 5.705695E-2 -4.747611E-2 6.162308E-2 -4.298436E-1
5.520836E0 5.715408E-2 -4.749603E-2 7.149643E-2 -4.290492E-1
5.537516E0 5.730649E-2 -4.741430E-2 8.103027E-2 -4.277664E-1
5.554195E0 5.728050E-2 -4.744672E-2 9.088069E-2 -4.266134E-1
5.570874E0 5.735667E-2 -4.746521E-2 1.005394E-1 -4.251900E-1
5.587554E0 5.744995E-2 -4.736743E-2 1.096822E-1 -4.231731E-1
5.604233E0 5.743346E-2 -4.740061E-2 1.182419E-1 -4.212909E-1
5.620912E0 5.759928E-2 -4.735635E-2 1.266231E-1 -4.190951E-1
5.637591E0 5.788001E-2 -4.741283E-2 1.343944E-1 -4.169736E-1
5.654271E0 5.801070E-2 -4.743830E-2 1.410854E-1 -4.148441E-1
5.670950E0 5.803934E-2 -4.743916E-2 1.471853E-1 -4.127559E-1
5.687629E0 5.814764E-2 -4.733956E-2 1.519476E-1 -4.107360E-1
5.704308E0 5.813534E-2 -4.737937E-2 1.561168E-1 -4.091052E-1
5.720988E0 5.816458E-2 -4.740883E-2 1.593205E-1 -4.075962E-1
5.737667E0 5.814369E-2 -4.743209E-2 1.616379E-1 -4.061629E-1
5.754346E0 5.815750E-2 -4.736885E-2 1.628248E-1 -4.052572E-1
5.771025E0 5.813758E-2 -4.738329E-2 1.629933E-1 -4.046148E-1
5.787705E0 5.819277E-2 -4.739758E-2 1.618572E-1 -4.042286E-1
5.804384E0 5.827787E-2 -4.734428E-2 1.599954E-1 -4.042804E-1
5.821063E0 5.841291E-2 -4.735539E-2 1.569494E-1 -4.047315E-1
5.837743E0 5.859354E-2 -4.735080E-2 1.529612E-1 -4.057382E-1
5.854422E0 5.879887E-2 -4.736654E-2 1.482915E-1 -4.066604E-1
5.871101E0 5.881937E-2 -4.738162E-2 1.430215E-1 -4.079758E-1
5.887780E0 5.892608E-2 -4.729517E-2 1.368955E-1 -4.091709E-1
5.904460E0 5.891733E-2 -4.728648E-2 1.296334E-1 -4.107002E-1
5.921139E0 5.891707E-2 -4.721727E-2 1.218706E-1 -4.120664E-1
5.937818E0 5.877846E-2 -4.718722E-2 1.131041E-1 -4.132377E-1
5.954497E0 5.940346E-2 -4.722025E-2 1.044698E-1 -4.147789E-1
5.971177E0 5.991919E-2 -4.727128E-2 9.552666E-2 -4.160233E-1
5.987856E0 5.991613E-2 -4.715742E-2 8.591778E-2 -4.170399E-1
6.004535E0 6.019176E-2 -4.700873E-2 7.471702E-2 -4.179333E-1
6.021214E0 6.045454E-2 -4.669212E-2 6.488721E-2 -4.183756E-1
6.037894E0 6.088187E-2 -4.697735E-2 5.506361E-2 -4.187900E-1
6.054573E0 6.161029E-2 -4.674356E-2 4.624471E-2 -4.190394E-1
6.071252E0 6.233328E-2 -4.660517E-2 3.750782E-2 -4.189511E-1
6.087931E0 6.274717E-2 -4.659037E-2 2.569742E-2 -4.180352E-1
6.104611E0 6.330530E-2 -4.640758E-2 1.817623E-2 -4.176173E-1
6.121290E0 6.328689E-2 -4.601871E-2 8.565808E-3 -4.151103E-1
6.137969E0 6.274075E-2 -4.510258E-2 1.044611E-3 -4.146924E-1
6.154649E0 6.286536E-2 -4.474760E-2 -4.806696E-3 -4.138670E-1
6.171328E0 6.313688E-2 -4.459245E-2 -1.097378E-2 -4.125688E-1
6.188007E0 6.365903E-2 -4.412710E-2 -1.631681E-2 -4.113228E-1
6.204686E0 6.379276E-2 -4.403644E-2 -2.091932E-2 -4.099682E-1
6.221366E0 6.416395E-2 -4.392009E-2 -2.370931E-2 -4.100915E-1
6.238045E0 6.475978E-2 -4.385328E-2 -2.622011E-2 -4.093369E-1
6.254724E0 6.489962E-2 -4.382922E-2 -2.794433E-2 -4.092887E-1
6.271403E0 6.527891E-2 -4.360902E-2 -2.917290E-2 -4.081669E-1
6.288083E0 6.554735E-2 -4.326788E-2 -2.923399E-2 -4.083126E-1
6.304762E0 6.570030E-2 -4.314653E-2 -2.801814E-2 -4.094872E-1
6.321441E0 6.586015E-2 -4.315685E-2 -2.608908E-2 -4.100069E-1
6.338120E0 6.583780E-2 -4.318561E-2 -2.281997E-2 -4.115539E-1
6.354800E0 6.576307E-2 -4.319522E-2 -1.941325E-2 -4.124462E-1
6.371479E0 6.571240E-2 -4.320195E-2 -1.453721E-2 -4.141914E-1
6.388158E0 6.567698E-2 -4.336836E-2 -9.374929E-3 -4.151776E-1
6.404837E0 6.563098E-2 -4.336580E-2 -2.913927E-3 -4.169400E-1
6.421517E0 6.560599E-2 -4.345150E-2 4.218462E-3 -4.181660E-1
6.438196E0 6.559879E-2 -4.339687E-2 1.195889E-2 -4.203373E-1
6.454875E0 6.560403E-2 -4.333439E-2 2.051367E-2 -4.217742E-1
6.471555E0 6.559282E-2 -4.319184E-2 2.907839E-2 -4.224533E-1
6.488234E0 6.558533E-2 -4.320652E-2 3.799807E-2 -4.235685E-1
6.504913E0 6.557517E-2 -4.320185E-2 4.771445E-2 -4.240583E-1
6.521592E0 6.556978E-2 -4.320802E-2 5.703910E-2 -4.245527E-1
6.538272E0 6.562421E-2 -4.329284E-2 6.795461E-2 -4.252205E-1
6.554951E0 6.560615E-2 -4.328287E-2 7.810064E-2 -4.250730E-1
6.571630E0 6.558444E-2 -4.327877E-2 8.618357E-2 -4.234434E-1
6.588309E0 6.557204E-2 -4.312848E-2 9.542437E-2 -4.225528E-1
6.604989E0 6.556834E-2 -4.305830E-2 1.046848E-1 -4.217239E-1
6.621668E0 6.556162E-2 -4.309003E-2 1.130629E-1 -4.201010E-1
6.638347E0 6.550300E-2 -4.312196E-2 1.208903E-1 -4.182164E-1
6.655026E0 6.543177E-2 -4.324449E-2 1.279779E-1 -4.164065E-1
6.671706E0 6.545890E-2 -4.324211E-2 1.340607E-1 -4.145996E-1
6.688385E0 6.541629E-2 -4.323944E-2 1.398248E-1 -4.125299E-1
6.705064E0 6.556519E-2 -4.341942E-2 1.449052E-1 -4.105899E-1
6.721744E0 6.558615E-2 -4.360388E-2 1.493313E-1 -4.090208E-1
6.738423E0 6.551586E-2 -4.361296E-2 1.527005E-1 -4.073646E-1
6.755102E0 6.537527E-2 -4.384142E-2 1.555180E-1 -4.059555E-1
6.771781E0 6.525473E-2 -4.393401E-2 1.567805E-1 -4.046852E-1
6.788461E0 6.509297E-2 -4.399767E-2 1.573590E-1 -4.038809E-1
6.805140E0 6.478770E-2 -4.403169E-2 1.573959E-1 -4.034231E-1
6.821819E0 6.470492E-2 -4.405622E-2 1.565178E-1 -4.033282E-1
6.838498E0 6.452818E-2 -4.401823E-2 1.543663E-1 -4.035064E-1
6.855178E0 6.443967E-2 -4.403003E-2 1.512308E-1 -4.040756E-1
6.871857E0 6.430854E-2 -4.400099E-2 1.478432E-1 -4.045501E-1
6.888536E0 6.419749E-2 -4.400614E-2 1.431462E-1 -4.052134E-1
6.905215E0 6.418489E-2 -4.403074E-2 1.378254E-1 -4.062906E-1
6.921895E0 6.393534E-2 -4.392075E-2 1.316522E-1 -4.074490E-1
6.938574E0 6.386449E-2 -4.381477E-2 1.251173E-1 -4.087116E-1
6.955253E0 6.384802E-2 -4.371018E-2 1.176922E-1 -4.100135E-1
6.971932E0 6.382738E-2 -4.358644E-2 1.096445E-1 -4.115625E-1
6.988612E0 6.382407E-2 -4.300435E-2 1.014977E-1 -4.125155E-1
7.005291E0 6.382517E-2 -4.298986E-2 9.293035E-2 -4.135782E-1
7.021970E0 6.374378E-2 -4.303683E-2 8.395918E-2 -4.142679E-1
7.038650E0 6.373711E-2 -4.317359E-2 7.485836E-2 -4.149039E-1
7.055329E0 6.370606E-2 -4.317284E-2 6.562184E-2 -4.152439E-1
7.072008E0 6.363127E-2 -4.333878E-2 5.660134E-2 -4.153397E-1
7.088687E0 6.351100E-2 -4.330109E-2 4.742658E-2 -4.152211E-1
7.105367E0 6.356304E-2 -4.331394E-2 3.892361E-2 -4.151007E-1
7.122046E0 6.361162E-2 -4.329209E-2 3.058704E-2 -4.151676E-1
7.138725E0 6.364891E-2 -4.311374E-2 2.026545E-2 -4.142746E-1
7.155404E0 6.367030E-2 -4.288656E-2 1.357994E-2 -4.126032E-1
7.172084E0 6.367997E-2 -4.272274E-2 6.894431E-3 -4.117675E-1
7.188763E0 6.370228E-2 -4.238418E-2 1.462455E-3 -4.113497E-1
7.205442E0 6.371531E-2 -4.226697E-2 -4.699594E-3 -4.119446E-1
7.222121E0 6.372075E-2 -4.228171E-2 -9.548807E-3 -4.112592E-1
7.238801E0 6.372129E-2 -4.224950E-2 -1.274738E-2 -4.115877E-1
7.255480E0 6.371494E-2 -4.213047E-2 -1.650728E-2 -4.105430E-1
7.272159E0 6.371385E-2 -4.203708E-2 -1.972958E-2 -4.104401E-1
7.288838E0 6.372094E-2 -4.211349E-2 -2.125382E-2 -4.101494E-1
7.305518E0 6.365694E-2 -4.180695E-2 -2.228513E-2 -4.102770E-1
7.322197E0 6.365858E-2 -4.160302E-2 -2.229783E-2 -4.104158E-1
7.338876E0 6.367628E-2 -4.157772E-2 -2.126095E-2 -4.110045E-1
7.355556E0 6.369045E-2 -4.139726E-2 -1.944481E-2 -4.116404E-1
7.372235E0 6.365129E-2 -4.126650E-2 -1.672930E-2 -4.123380E-1
7.388914E0 6.367451E-2 -4.123100E-2 -1.339629E-2 -4.133045E-1
7.405593E0 6.368807E-2 -4.121527E-2 -9.201181E-3 -4.142814E-1
7.422273E0 6.369845E-2 -4.129222E-2 -4.385946E-3 -4.153093E-1
7.438952E0 6.370681E-2 -4.134850E-2 1.919662E-3 -4.168546E-1
7.455631E0 6.367773E-2 -4.130626E-2 8.129665E-3 -4.175790E-1
7.472310E0 6.363124E-2 -4.134578E-2 1.491116E-2 -4.183989E-1
7.488990E0 6.358622E-2 -4.126010E-2 2.239095E-2 -4.193593E-1
7.505669E0 6.360313E-2 -4.094481E-2 3.037481E-2 -4.203453E-1
7.522348E0 6.362548E-2 -4.062454E-2 3.896113E-2 -4.209176E-1
7.539027E0 6.370020E-2 -4.054935E-2 4.870465E-2 -4.219514E-1
7.555707E0 6.369083E-2 -4.055023E-2 5.651591E-2 -4.210164E-1
7.572386E0 6.361268E-2 -4.077973E-2 6.582345E-2 -4.208618E-1
7.589065E0 6.361161E-2 -4.078351E-2 7.407839E-2 -4.201907E-1
7.605745E0 6.355828E-2 -4.074721E-2 8.283228E-2 -4.191803E-1
7.622424E0 6.358367E-2 -4.068451E-2 9.098388E-2 -4.183925E-1
7.639103E0 6.361094E-2 -4.033913E-2 9.954419E-2 -4.173442E-1
7.655782E0 6.361968E-2 -4.002758E-2 1.064049E-1 -4.159574E-1
7.672462E0 6.361059E-2 -3.986855E-2 1.132624E-1 -4.142687E-1
7.689141E0 6.362739E-2 -3.966050E-2 1.198532E-1 -4.125555E-1
7.705820E0 6.350624E-2 -3.985127E-2 1.256207E-1 -4.108231E-1
7.722499E0 6.354563E-2 -3.973900E-2 1.308569E-1 -4.090242E-1
7.739179E0 6.352080E-2 -3.976729E-2 1.355887E-1 -4.073591E-1
7.755858E0 6.352329E-2 -3.996112E-2 1.391593E-1 -4.057225E-1
7.772537E0 6.355229E-2 -3.990643E-2 1.424196E-1 -4.043632E-1
7.789216E0 6.355706E-2 -3.988467E-2 1.445495E-1 -4.032440E-1
7.805896E0 6.357984E-2 -3.969758E-2 1.459159E-1 -4.024563E-1
7.822575E0 6.356089E-2 -3.911046E-2 1.468900E-1 -4.019121E-1
7.839254E0 6.358329E-2 -3.885711E-2 1.465718E-1 -4.016267E-1
7.855933E0 6.363239E-2 -3.844989E-2 1.455439E-1 -4.016276E-1
7.872613E0 6.364507E-2 -3.799152E-2 1.433730E-1 -4.015904E-1
7.889292E0 6.357899E-2 -3.831171E-2 1.407494E-1 -4.016981E-1
7.905971E0 6.360518E-2 -3.821664E-2 1.374790E-1 -4.020396E-1
7.922651E0 6.344089E-2 -3.836977E-2 1.330812E-1 -4.027537E-1
7.939330E0 6.348807E-2 -3.832178E-2 1.279542E-1 -4.036135E-1
7.956009E0 6.356105E-2 -3.823982E-2 1.223731E-1 -4.044997E-1
7.972688E0 6.358836E-2 -3.807015E-2 1.159127E-1 -4.055702E-1
7.989368E0 6.360337E-2 -3.805790E-2 1.093040E-1 -4.066873E-1
8.006047E0 6.360073E-2 -3.808417E-2 1.020859E-1 -4.075315E-1
8.022726E0 6.358042E-2 -3.801752E-2 9.407414E-2 -4.085077E-1
8.039405E0 6.355656E-2 -3.810259E-2 8.613772E-2 -4.093756E-1
8.056085E0 6.353315E-2 -3.811124E-2 7.795321E-2 -4.099815E-1
8.072764E0 6.354775E-2 -3.813052E-2 7.002994E-2 -4.107254E-1
8.089443E0 6.355480E-2 -3.814615E-2 6.158833E-2 -4.111723E-1
8.106122E0 6.357619E-2 -3.815451E-2 5.354872E-2 -4.115182E-1
8.122802E0 6.359178E-2 -3.799375E-2 4.499134E-2 -4.118672E-1
8.139481E0 6.360248E-2 -3.782594E-2 3.530784E-2 -4.113497E-1
8.156160E0 6.360855E-2 -3.747774E-2 2.778664E-2 -4.113497E-1
8.172840E0 6.361718E-2 -3.742967E-2 2.026545E-2 -4.113497E-1
8.189519E0 6.351805E-2 -3.739775E-2 1.316209E-2 -4.109318E-1
8.206198E0 6.354031E-2 -3.756799E-2 9.517142E-3 -4.109159E-1
8.222877E0 6.347666E-2 -3.763063E-2 3.757895E-3 -4.100828E-1
8.239557E0 6.339271E-2 -3.765074E-2 -6.369463E-4 -4.097872E-1
8.256236E0 6.351933E-2 -3.754084E-2 -4.837119E-3 -4.097536E-1
8.272915E0 6.351028E-2 -3.735475E-2 -8.259055E-3 -4.097815E-1
8.289594E0 6.351775E-2 -3.741588E-2 -1.116212E-2 -4.100644E-1
8.306274E0 6.354493E-2 -3.742154E-2 -1.370304E-2 -4.093451E-1
8.322953E0 6.347663E-2 -3.745745E-2 -1.509129E-2 -4.089845E-1
8.339632E0 6.361217E-2 -3.737702E-2 -1.544442E-2 -4.093288E-1
8.356311E0 6.349229E-2 -3.783344E-2 -1.541417E-2 -4.095408E-1
8.372991E0 6.323385E-2 -3.834601E-2 -1.412524E-2 -4.098087E-1
8.389670E0 6.306559E-2 -3.826891E-2 -1.218917E-2 -4.109742E-1
8.406349E0 6.296413E-2 -3.821838E-2 -9.396281E-3 -4.116282E-1
8.423028E0 6.292247E-2 -3.802867E-2 -6.184206E-3 -4.126473E-1
8.439708E0 6.289168E-2 -3.799249E-2 -2.174435E-3 -4.136866E-1
8.456387E0 6.290867E-2 -3.787925E-2 2.623506E-3 -4.140898E-1
8.473066E0 6.288034E-2 -3.786169E-2 7.839146E-3 -4.154119E-1
8.489746E0 6.288592E-2 -3.772993E-2 1.399683E-2 -4.159709E-1
8.506425E0 6.285513E-2 -3.758631E-2 2.052120E-2 -4.169162E-1
8.523104E0 6.286937E-2 -3.756010E-2 2.784750E-2 -4.177316E-1
8.539783E0 6.278281E-2 -3.748789E-2 3.574559E-2 -4.183640E-1
8.556463E0 6.281012E-2 -3.745229E-2 4.285105E-2 -4.185710E-1
8.573142E0 6.278646E-2 -3.741128E-2 5.066218E-2 -4.184908E-1
8.589821E0 6.279567E-2 -3.739728E-2 5.874105E-2 -4.185366E-1
8.606500E0 6.280785E-2 -3.738659E-2 6.629445E-2 -4.178530E-1
8.623180E0 6.279228E-2 -3.728812E-2 7.479258E-2 -4.175999E-1
8.639859E0 6.278893E-2 -3.730213E-2 8.244876E-2 -4.167081E-1
8.656538E0 6.280085E-2 -3.728411E-2 9.010992E-2 -4.157265E-1
8.673217E0 6.280182E-2 -3.721929E-2 9.651387E-2 -4.144110E-1
8.689897E0 6.279456E-2 -3.731377E-2 1.030077E-1 -4.129301E-1
8.706576E0 6.280581E-2 -3.739788E-2 1.094156E-1 -4.113688E-1
8.723255E0 6.277951E-2 -3.751431E-2 1.151811E-1 -4.099297E-1
8.739934E0 6.278782E-2 -3.749343E-2 1.201061E-1 -4.085297E-1
8.756614E0 6.275685E-2 -3.742726E-2 1.247291E-1 -4.070682E-1
8.773293E0 6.275982E-2 -3.743838E-2 1.287251E-1 -4.056136E-1
8.789972E0 6.267603E-2 -3.745448E-2 1.318870E-1 -4.044236E-1
8.806652E0 6.268742E-2 -3.734793E-2 1.342552E-1 -4.031945E-1
8.823331E0 6.274495E-2 -3.754931E-2 1.359406E-1 -4.023477E-1
8.840010E0 6.266866E-2 -3.765688E-2 1.372417E-1 -4.017417E-1
8.856689E0 6.283669E-2 -3.747597E-2 1.366840E-1 -4.015744E-1
8.873369E0 6.281847E-2 -3.733140E-2 1.368619E-1 -4.011923E-1
8.890048E0 6.276051E-2 -3.735700E-2 1.356620E-1 -4.009918E-1
8.906727E0 6.270904E-2 -3.746315E-2 1.335844E-1 -4.012139E-1
8.923406E0 6.272810E-2 -3.749770E-2 1.305970E-1 -4.014868E-1
8.940086E0 6.271945E-2 -3.761075E-2 1.269469E-1 -4.022865E-1
8.956765E0 6.262543E-2 -3.770633E-2 1.224997E-1 -4.031357E-1
8.973444E0 6.266343E-2 -3.755844E-2 1.181183E-1 -4.040207E-1
8.990123E0 6.269191E-2 -3.752258E-2 1.131812E-1 -4.050739E-1
9.006803E0 6.271563E-2 -3.735996E-2 1.074475E-1 -4.060694E-1
9.023482E0 6.273596E-2 -3.744694E-2 1.014149E-1 -4.070193E-1
9.040161E0 6.274393E-2 -3.753012E-2 9.447163E-2 -4.078982E-1
9.056841E0 6.274489E-2 -3.754550E-2 8.758910E-2 -4.089127E-1
9.073520E0 6.273232E-2 -3.752668E-2 8.047341E-2 -4.098089E-1
9.090199E0 6.271381E-2 -3.754663E-2 7.313126E-2 -4.105447E-1
9.106878E0 6.271269E-2 -3.765398E-2 6.539515E-2 -4.112978E-1
9.123558E0 6.271939E-2 -3.779511E-2 5.821842E-2 -4.117998E-1
9.140237E0 6.274388E-2 -3.781578E-2 5.039502E-2 -4.121180E-1
9.156916E0 6.272347E-2 -3.776612E-2 4.354330E-2 -4.124450E-1
9.173595E0 6.268315E-2 -3.765991E-2 3.530784E-2 -4.130211E-1
9.190275E0 6.270177E-2 -3.760227E-2 2.736880E-2 -4.126032E-1
9.206954E0 6.274565E-2 -3.768036E-2 2.193682E-2 -4.121854E-1
9.223633E0 6.272274E-2 -3.793418E-2 1.525132E-2 -4.113497E-1
9.240312E0 6.271017E-2 -3.854584E-2 1.455228E-2 -4.143662E-1
9.256992E0 6.265880E-2 -3.872146E-2 6.363696E-3 -4.111159E-1
9.273671E0 6.266817E-2 -3.893429E-2 3.124711E-3 -4.116493E-1
9.290350E0 6.269234E-2 -3.911841E-2 -4.807503E-4 -4.119409E-1
9.307029E0 6.267484E-2 -3.911236E-2 -3.663564E-3 -4.117484E-1
9.323709E0 6.268510E-2 -3.903313E-2 -6.396685E-3 -4.119835E-1
9.340388E0 6.269534E-2 -3.904659E-2 -8.134599E-3 -4.121224E-1
9.357067E0 6.266668E-2 -3.900327E-2 -9.271157E-3 -4.117953E-1
9.373747E0 6.266257E-2 -3.902002E-2 -9.152604E-3 -4.122971E-1
9.390426E0 6.267132E-2 -3.891886E-2 -8.446174E-3 -4.131936E-1
9.407105E0 6.273151E-2 -3.896135E-2 -7.712619E-3 -4.134842E-1
9.423784E0 6.274997E-2 -3.902045E-2 -5.682786E-3 -4.139618E-1
9.440464E0 6.267300E-2 -3.905472E-2 -2.866502E-3 -4.151275E-1
9.457143E0 6.269108E-2 -3.919734E-2 5.655800E-4 -4.158851E-1
9.473822E0 6.269691E-2 -3.917251E-2 4.662120E-3 -4.167219E-1
9.490501E0 6.269625E-2 -3.924305E-2 9.458904E-3 -4.178812E-1
9.507181E0 6.269937E-2 -3.928690E-2 1.460141E-2 -4.185472E-1
9.523860E0 6.270437E-2 -3.924859E-2 2.061123E-2 -4.191648E-1
9.540539E0 6.276968E-2 -3.928433E-2 2.728069E-2 -4.200498E-1
9.557218E0 6.276236E-2 -3.923411E-2 3.325436E-2 -4.200762E-1
9.573898E0 6.275637E-2 -3.920252E-2 3.971467E-2 -4.202790E-1
9.590577E0 6.274553E-2 -3.924818E-2 4.640399E-2 -4.203340E-1
9.607256E0 6.274547E-2 -3.921721E-2 5.367557E-2 -4.199765E-1
9.623936E0 6.274579E-2 -3.919512E-2 6.145758E-2 -4.202186E-1
9.640615E0 6.272684E-2 -3.917431E-2 6.916372E-2 -4.199040E-1
9.657294E0 6.274901E-2 -3.916853E-2 7.592965E-2 -4.191919E-1
9.673973E0 6.275202E-2 -3.915473E-2 8.260920E-2 -4.183413E-1
9.690653E0 6.275081E-2 -3.914933E-2 8.944342E-2 -4.173246E-1
9.707332E0 6.275007E-2 -3.914445E-2 9.502202E-2 -4.161381E-1
9.724011E0 6.274962E-2 -3.914097E-2 1.014908E-1 -4.150928E-1
9.740690E0 6.274094E-2 -3.921055E-2 1.066645E-1 -4.137321E-1
9.757370E0 6.274296E-2 -3.920966E-2 1.119572E-1 -4.122641E-1
9.774049E0 6.274383E-2 -3.919629E-2 1.165102E-1 -4.110312E-1
9.790728E0 6.274007E-2 -3.918716E-2 1.206066E-1 -4.097706E-1
9.807407E0 6.273762E-2 -3.917682E-2 1.239656E-1 -4.086181E-1
9.824087E0 6.274433E-2 -3.917135E-2 1.267005E-1 -4.074456E-1
9.840766E0 6.274111E-2 -3.935386E-2 1.288166E-1 -4.066032E-1
9.857445E0 6.274103E-2 -3.931173E-2 1.300464E-1 -4.058913E-1
9.874124E0 6.273564E-2 -3.927188E-2 1.307894E-1 -4.053250E-1
9.890804E0 6.267111E-2 -3.920251E-2 1.307475E-1 -4.048960E-1
9.907483E0 6.268401E-2 -3.919651E-2 1.299611E-1 -4.047989E-1
9.924162E0 6.268341E-2 -3.926680E-2 1.283965E-1 -4.048940E-1
9.940842E0 6.269085E-2 -3.939026E-2 1.265817E-1 -4.049826E-1
9.957521E0 6.270484E-2 -3.934830E-2 1.239056E-1 -4.053805E-1
9.974200E0 6.272398E-2 -3.939511E-2 1.206306E-1 -4.058901E-1
9.990879E0 6.272218E-2 -3.942262E-2 1.166228E-1 -4.065909E-1
1.000756E1 6.272013E-2 -3.937826E-2 1.123214E-1 -4.074374E-1
1.002424E1 6.271628E-2 -3.933158E-2 1.074356E-1 -4.084047E-1
1.004092E1 6.268950E-2 -3.938447E-2 1.019898E-1 -4.093216E-1
1.005760E1 6.270572E-2 -3.932940E-2 9.602141E-2 -4.101640E-1
1.007428E1 6.271807E-2 -3.929135E-2 8.972518E-2 -4.111163E-1
1.009095E1 6.273668E-2 -3.932394E-2 8.329894E-2 -4.118847E-1
1.010763E1 6.274310E-2 -3.931037E-2 7.674228E-2 -4.125934E-1
1.012431E1 6.274717E-2 -3.930973E-2 7.002567E-2 -4.133204E-1
1.014099E1 6.274452E-2 -3.934184E-2 6.339820E-2 -4.140673E-1
1.015767E1 6.274059E-2 -3.933407E-2 5.656492E-2 -4.147465E-1
1.017435E1 6.273763E-2 -3.940042E-2 4.962897E-2 -4.153156E-1
1.019103E1 6.273867E-2 -3.935641E-2 4.073982E-2 -4.155281E-1
1.020771E1 6.270282E-2 -3.933755E-2 3.530784E-2 -4.151103E-1
1.022439E1 6.271024E-2 -3.934183E-2 2.778664E-2 -4.130211E-1
1.024107E1 6.271502E-2 -3.929899E-2 2.193682E-2 -4.130211E-1
1.025775E1 6.271866E-2 -3.928689E-2 1.608700E-2 -4.138567E-1
1.027443E1 6.272679E-2 -3.927778E-2 1.452574E-2 -4.160390E-1
1.029111E1 6.273646E-2 -3.926938E-2 1.055766E-2 -4.158364E-1
1.030779E1 6.273425E-2 -3.926198E-2 6.837924E-3 -4.155940E-1
1.032446E1 6.273811E-2 -3.925186E-2 3.525447E-3 -4.156308E-1
1.034114E1 6.274579E-2 -3.919447E-2 6.686807E-4 -4.158216E-1
1.035782E1 6.274669E-2 -3.912663E-2 -1.478201E-3 -4.156715E-1
1.037450E1 6.274773E-2 -3.916152E-2 -2.813087E-3 -4.159477E-1
1.039118E1 6.274767E-2 -3.917277E-2 -3.573620E-3 -4.160495E-1
1.040786E1 6.274789E-2 -3.918632E-2 -3.705914E-3 -4.163355E-1
1.042454E1 6.274736E-2 -3.919476E-2 -2.754196E-3 -4.167308E-1
1.044122E1 6.274474E-2 -3.914973E-2 -1.075026E-3 -4.174102E-1
1.045790E1 6.274406E-2 -3.913373E-2 7.010243E-4 -4.177582E-1
1.047458E1 6.274255E-2 -3.914520E-2 3.583451E-3 -4.187722E-1
1.049126E1 6.274202E-2 -3.915655E-2 7.295496E-3 -4.191336E-1
1.050794E1 6.274274E-2 -3.915682E-2 1.134131E-2 -4.200648E-1
1.052462E1 6.276146E-2 -3.915222E-2 1.546622E-2 -4.203391E-1
1.054130E1 6.272528E-2 -3.914491E-2 2.073284E-2 -4.208945E-1
1.055797E1 6.272461E-2 -3.915375E-2 2.573422E-2 -4.210117E-1
1.057465E1 6.272763E-2 -3.915982E-2 3.230242E-2 -4.217661E-1
1.059133E1 6.273047E-2 -3.916561E-2 3.836680E-2 -4.216879E-1
1.060801E1 6.273289E-2 -3.917014E-2 4.442434E-2 -4.216441E-1
1.062469E1 6.273890E-2 -3.917404E-2 5.119591E-2 -4.219735E-1
1.064137E1 6.273590E-2 -3.916298E-2 5.800321E-2 -4.218024E-1
1.065805E1 6.273598E-2 -3.916579E-2 6.429616E-2 -4.209165E-1
1.067473E1 6.282806E-2 -3.917435E-2 7.052101E-2 -4.203336E-1
1.069141E1 6.276596E-2 -3.917056E-2 7.675303E-2 -4.193882E-1
1.070809E1 6.275947E-2 -3.915195E-2 8.300862E-2 -4.186239E-1
1.072477E1 6.275067E-2 -3.914521E-2 8.926252E-2 -4.174927E-1
1.074145E1 6.275632E-2 -3.911418E-2 9.516172E-2 -4.164907E-1
1.075813E1 6.275111E-2 -3.912546E-2 9.982563E-2 -4.152695E-1
1.077480E1 6.274777E-2 -3.907831E-2 1.051048E-1 -4.140537E-1
1.079148E1 6.274419E-2 -3.910056E-2 1.090970E-1 -4.127775E-1
1.080816E1 6.274754E-2 -3.911486E-2 1.132765E-1 -4.116023E-1
1.082484E1 6.276718E-2 -3.913256E-2 1.165763E-1 -4.104108E-1
1.084152E1 6.279018E-2 -3.914295E-2 1.196087E-1 -4.092878E-1
1.085820E1 6.276986E-2 -3.913260E-2 1.215896E-1 -4.084431E-1
1.087488E1 6.276211E-2 -3.905843E-2 1.232613E-1 -4.075862E-1
1.089156E1 6.275726E-2 -3.907337E-2 1.241486E-1 -4.067365E-1
1.090824E1 6.275220E-2 -3.909473E-2 1.247871E-1 -4.064056E-1
1.092492E1 6.275297E-2 -3.910461E-2 1.243476E-1 -4.060511E-1
1.094160E1 6.274905E-2 -3.911836E-2 1.233325E-1 -4.059463E-1
1.095828E1 6.274800E-2 -3.915752E-2 1.217458E-1 -4.059532E-1
1.097496E1 6.273311E-2 -3.911106E-2 1.197234E-1 -4.062738E-1
1.099164E1 6.273483E-2 -3.898728E-2 1.172231E-1 -4.065920E-1
1.100831E1 6.276528E-2 -3.903156E-2 1.139911E-1 -4.071829E-1
1.102499E1 6.275281E-2 -3.905934E-2 1.098611E-1 -4.078452E-1
1.104167E1 6.271373E-2 -3.905027E-2 1.056682E-1 -4.083968E-1
1.105835E1 6.272071E-2 -3.907861E-2 1.008684E-1 -4.092130E-1
1.107503E1 6.272666E-2 -3.908462E-2 9.577079E-2 -4.100218E-1
1.109171E1 6.273399E-2 -3.907113E-2 9.022645E-2 -4.107455E-1
1.110839E1 6.273431E-2 -3.908354E-2 8.449909E-2 -4.117298E-1
1.112507E1 6.274391E-2 -3.909450E-2 7.855164E-2 -4.124175E-1
1.114175E1 6.274344E-2 -3.910526E-2 7.247254E-2 -4.131228E-1
1.115843E1 6.274342E-2 -3.911273E-2 6.578549E-2 -4.136380E-1
1.117511E1 6.274626E-2 -3.910673E-2 5.974952E-2 -4.143015E-1
1.119179E1 6.274812E-2 -3.910963E-2 5.379292E-2 -4.149648E-1
1.120847E1 6.274666E-2 -3.911329E-2 4.835229E-2 -4.157986E-1
1.122514E1 6.275332E-2 -3.911708E-2 3.865060E-2 -4.146924E-1
1.124182E1 6.275267E-2 -3.911917E-2 3.489000E-2 -4.134389E-1
1.125850E1 6.276548E-2 -3.905649E-2 2.904018E-2 -4.134389E-1
1.127518E1 6.275022E-2 -3.902426E-2 2.360820E-2 -4.142746E-1
1.129186E1 6.274747E-2 -3.899560E-2 2.132539E-2 -4.167995E-1
1.130854E1 6.274025E-2 -3.897527E-2 1.625131E-2 -4.160576E-1
1.132522E1 6.273823E-2 -3.900757E-2 1.268549E-2 -4.155891E-1
1.134190E1 6.276031E-2 -3.903723E-2 9.459375E-3 -4.161641E-1
1.135858E1 6.275361E-2 -3.905447E-2 6.869076E-3 -4.156884E-1
1.137526E1 6.275648E-2 -3.915852E-2 4.644912E-3 -4.160935E-1
1.139194E1 6.275314E-2 -3.914641E-2 3.066316E-3 -4.160543E-1
1.140862E1 6.275056E-2 -3.913847E-2 2.143848E-3 -4.161050E-1
1.142530E1 6.274951E-2 -3.913188E-2 1.656887E-3 -4.159290E-1
1.144198E1 6.274584E-2 -3.908981E-2 2.397090E-3 -4.164905E-1
1.145865E1 6.274240E-2 -3.907611E-2 3.055785E-3 -4.169140E-1
1.147533E1 6.274146E-2 -3.908010E-2 4.947086E-3 -4.174342E-1
1.149201E1 6.274535E-2 -3.902998E-2 6.832986E-3 -4.174648E-1
1.150869E1 6.275543E-2 -3.903006E-2 9.780971E-3 -4.183434E-1
1.152537E1 6.275212E-2 -3.904281E-2 1.289685E-2 -4.188219E-1
1.154205E1 6.276872E-2 -3.905580E-2 1.706004E-2 -4.194560E-1
1.155873E1 6.276261E-2 -3.906695E-2 2.194940E-2 -4.202936E-1
1.157541E1 6.275803E-2 -3.907647E-2 2.625242E-2 -4.203029E-1
1.159209E1 6.275218E-2 -3.907359E-2 3.219770E-2 -4.209877E-1
1.160877E1 6.274598E-2 -3.906039E-2 3.757516E-2 -4.208259E-1
1.162545E1 6.274560E-2 -3.906811E-2 4.312432E-2 -4.209869E-1
1.164213E1 6.274738E-2 -3.906289E-2 4.928671E-2 -4.208110E-1
1.165881E1 6.274774E-2 -3.907024E-2 5.551181E-2 -4.209581E-1
1.167549E1 6.274964E-2 -3.907436E-2 6.110787E-2 -4.199764E-1
1.169216E1 6.275226E-2 -3.907301E-2 6.674451E-2 -4.193805E-1
1.170884E1 6.275952E-2 -3.907835E-2 7.238898E-2 -4.186060E-1
1.172552E1 6.275853E-2 -3.908079E-2 7.829208E-2 -4.177405E-1
1.174220E1 6.276432E-2 -3.903195E-2 8.396404E-2 -4.168454E-1
1.175888E1 6.276596E-2 -3.904775E-2 8.963800E-2 -4.159372E-1
1.177556E1 6.276506E-2 -3.905692E-2 9.350434E-2 -4.148510E-1
1.179224E1 6.276388E-2 -3.906463E-2 9.771772E-2 -4.136013E-1
1.180892E1 6.276333E-2 -3.907050E-2 1.024418E-1 -4.125510E-1
1.182560E1 6.277051E-2 -3.909239E-2 1.059266E-1 -4.112382E-1
1.184228E1 6.277304E-2 -3.913306E-2 1.095975E-1 -4.100664E-1
1.185896E1 6.273777E-2 -3.912197E-2 1.128013E-1 -4.090745E-1
1.187564E1 6.274852E-2 -3.912182E-2 1.150238E-1 -4.081687E-1
1.189232E1 6.275353E-2 -3.912216E-2 1.172250E-1 -4.074604E-1
1.190899E1 6.272916E-2 -3.918093E-2 1.184433E-1 -4.067476E-1
1.192567E1 6.274095E-2 -3.915578E-2 1.190436E-1 -4.062774E-1
1.194235E1 6.275580E-2 -3.909492E-2 1.194401E-1 -4.057798E-1
1.195903E1 6.275379E-2 -3.909827E-2 1.190575E-1 -4.056472E-1
1.197571E1 6.276973E-2 -3.909742E-2 1.181113E-1 -4.056528E-1
1.199239E1 6.276573E-2 -3.898584E-2 1.165307E-1 -4.057750E-1
1.200907E1 6.277247E-2 -3.903907E-2 1.142706E-1 -4.059758E-1
1.202575E1 6.276741E-2 -3.905332E-2 1.115907E-1 -4.064099E-1
1.204243E1 6.277592E-2 -3.915217E-2 1.083148E-1 -4.068896E-1
1.205911E1 6.277124E-2 -3.913556E-2 1.048645E-1 -4.074131E-1
1.207579E1 6.276229E-2 -3.914767E-2 1.008644E-1 -4.081365E-1
1.209247E1 6.276209E-2 -3.914061E-2 9.638520E-2 -4.088820E-1
1.210915E1 6.275170E-2 -3.912615E-2 9.174550E-2 -4.098432E-1
1.212583E1 6.275217E-2 -3.910418E-2 8.672089E-2 -4.107474E-1
1.214250E1 6.275057E-2 -3.905729E-2 8.133775E-2 -4.115726E-1
1.215918E1 6.275257E-2 -3.906740E-2 7.528870E-2 -4.125067E-1
1.217586E1 6.277502E-2 -3.901635E-2 6.975961E-2 -4.133378E-1
1.219254E1 6.277211E-2 -3.903406E-2 6.435710E-2 -4.139859E-1
1.220922E1 6.276539E-2 -3.903720E-2 5.763825E-2 -4.143943E-1
1.222590E1 6.275262E-2 -3.902105E-2 5.224004E-2 -4.151680E-1
1.224258E1 6.275967E-2 -3.898199E-2 4.575395E-2 -4.138567E-1
1.225926E1 6.275546E-2 -3.894747E-2 3.865060E-2 -4.138567E-1
1.227594E1 6.276125E-2 -3.890678E-2 3.447215E-2 -4.138567E-1
1.229262E1 6.276170E-2 -3.894133E-2 2.820449E-2 -4.138567E-1
1.230930E1 6.276169E-2 -3.896817E-2 2.319036E-2 -4.134389E-1
1.232598E1 6.276213E-2 -3.911455E-2 2.341837E-2 -4.167520E-1
1.234266E1 6.275547E-2 -3.919100E-2 1.835817E-2 -4.157929E-1
1.235933E1 6.275693E-2 -3.916795E-2 1.501068E-2 -4.157766E-1
1.237601E1 6.275917E-2 -3.919467E-2 1.202936E-2 -4.160154E-1
1.239269E1 6.273700E-2 -3.921177E-2 9.782484E-3 -4.159098E-1
1.240937E1 6.273262E-2 -3.918406E-2 7.939912E-3 -4.160677E-1
1.242605E1 6.273866E-2 -3.916348E-2 6.752807E-3 -4.158286E-1
1.244273E1 6.275327E-2 -3.914517E-2 5.829150E-3 -4.159587E-1
1.245941E1 6.275248E-2 -3.913777E-2 5.596118E-3 -4.161121E-1
1.247609E1 6.275268E-2 -3.913189E-2 6.591562E-3 -4.166395E-1
1.249277E1 6.275292E-2 -3.911150E-2 8.135375E-3 -4.173986E-1
1.250945E1 6.276364E-2 -3.905973E-2 9.603440E-3 -4.177507E-1
1.252613E1 6.276125E-2 -3.906869E-2 1.224229E-2 -4.182772E-1
1.254281E1 6.274557E-2 -3.906305E-2 1.489519E-2 -4.184622E-1
1.255949E1 6.274527E-2 -3.907119E-2 1.854022E-2 -4.188902E-1
1.257617E1 6.274527E-2 -3.907835E-2 2.189255E-2 -4.191397E-1
1.259284E1 6.274504E-2 -3.908190E-2 2.660017E-2 -4.199502E-1
1.260952E1 6.274591E-2 -3.908137E-2 3.089081E-2 -4.200589E-1
1.262620E1 6.274317E-2 -3.907260E-2 3.562398E-2 -4.202350E-1
1.264288E1 6.274382E-2 -3.897358E-2 4.059514E-2 -4.202254E-1
1.265956E1 6.274439E-2 -3.899671E-2 4.618869E-2 -4.203506E-1
1.267624E1 6.274347E-2 -3.903623E-2 5.205312E-2 -4.202579E-1
1.269292E1 6.274307E-2 -3.910836E-2 5.809041E-2 -4.200678E-1
1.270960E1 6.274692E-2 -3.910331E-2 6.328476E-2 -4.193016E-1
1.272628E1 6.274217E-2 -3.910284E-2 6.845953E-2 -4.184530E-1
1.274296E1 6.274601E-2 -3.909024E-2 7.476254E-2 -4.184037E-1
1.275964E1 6.275057E-2 -3.909057E-2 8.001473E-2 -4.174476E-1
1.277632E1 6.275401E-2 -3.909026E-2 8.509827E-2 -4.166181E-1
1.279300E1 6.275759E-2 -3.909461E-2 8.852466E-2 -4.157088E-1
1.280967E1 6.275664E-2 -3.909387E-2 9.333094E-2 -4.147678E-1
1.282635E1 6.275638E-2 -3.909309E-2 9.688210E-2 -4.136076E-1
1.284303E1 6.274790E-2 -3.914369E-2 1.007639E-1 -4.125824E-1
1.285971E1 6.274584E-2 -3.913230E-2 1.044224E-1 -4.116990E-1
1.287639E1 6.278836E-2 -3.912783E-2 1.073140E-1 -4.108295E-1
1.289307E1 6.278245E-2 -3.912402E-2 1.099028E-1 -4.099420E-1
1.290975E1 6.281383E-2 -3.914398E-2 1.122283E-1 -4.091200E-1
1.292643E1 6.280662E-2 -3.928355E-2 1.139059E-1 -4.084619E-1
1.294311E1 6.278683E-2 -3.928906E-2 1.147887E-1 -4.077906E-1
1.295979E1 6.277277E-2 -3.925633E-2 1.149658E-1 -4.073111E-1
1.297647E1 6.276117E-2 -3.931720E-2 1.148700E-1 -4.071618E-1
1.299315E1 6.276014E-2 -3.929643E-2 1.141010E-1 -4.067882E-1
1.300983E1 6.276054E-2 -3.926205E-2 1.131330E-1 -4.068129E-1
1.302651E1 6.275477E-2 -3.925817E-2 1.114903E-1 -4.069553E-1
1.304318E1 6.276982E-2 -3.931339E-2 1.092025E-1 -4.072929E-1
1.305986E1 6.277156E-2 -3.926115E-2 1.065603E-1 -4.077961E-1
1.307654E1 6.277281E-2 -3.922591E-2 1.034891E-1 -4.082655E-1
1.309322E1 6.277278E-2 -3.920216E-2 9.996978E-2 -4.088839E-1
1.310990E1 6.277507E-2 -3.918555E-2 9.570054E-2 -4.095943E-1
1.312658E1 6.276975E-2 -3.916564E-2 9.154463E-2 -4.101426E-1
1.314326E1 6.277064E-2 -3.916132E-2 8.718213E-2 -4.109555E-1
1.315994E1 6.277201E-2 -3.918416E-2 8.249820E-2 -4.115656E-1
1.317662E1 6.276501E-2 -3.917350E-2 7.764830E-2 -4.123185E-1
1.319330E1 6.276033E-2 -3.923059E-2 7.258180E-2 -4.131796E-1
1.320998E1 6.276904E-2 -3.919307E-2 6.743555E-2 -4.140448E-1
1.322666E1 6.276972E-2 -3.918306E-2 6.240592E-2 -4.148204E-1
1.324334E1 6.277035E-2 -3.917669E-2 5.641403E-2 -4.153897E-1
1.326002E1 6.277821E-2 -3.923100E-2 5.161880E-2 -4.161043E-1
1.327669E1 6.277460E-2 -3.920201E-2 4.241119E-2 -4.142746E-1
1.329337E1 6.277551E-2 -3.919328E-2 3.865060E-2 -4.146924E-1
1.331005E1 6.277506E-2 -3.920487E-2 3.489000E-2 -4.151103E-1
1.332673E1 6.277091E-2 -3.933326E-2 3.196509E-2 -4.155281E-1
1.334341E1 6.275439E-2 -3.929422E-2 2.653311E-2 -4.155281E-1
1.336009E1 6.275647E-2 -3.928945E-2 2.618833E-2 -4.187531E-1
1.337677E1 6.271644E-2 -3.928653E-2 2.171629E-2 -4.173786E-1
1.339345E1 6.276312E-2 -3.926576E-2 1.877206E-2 -4.177845E-1
1.341013E1 6.276408E-2 -3.917457E-2 1.622158E-2 -4.179511E-1
1.342681E1 6.276549E-2 -3.917463E-2 1.490187E-2 -4.182678E-1
1.344349E1 6.276627E-2 -3.917285E-2 1.328213E-2 -4.183165E-1
1.346017E1 6.278204E-2 -3.917260E-2 1.223677E-2 -4.185607E-1
1.347685E1 6.277955E-2 -3.917338E-2 1.166419E-2 -4.184562E-1
1.349352E1 6.278144E-2 -3.917527E-2 1.224006E-2 -4.192074E-1
1.351020E1 6.278052E-2 -3.916641E-2 1.268227E-2 -4.190367E-1
1.352688E1 6.277899E-2 -3.916967E-2 1.411867E-2 -4.198355E-1
1.354356E1 6.276226E-2 -3.920805E-2 1.564819E-2 -4.201642E-1
1.356024E1 6.276519E-2 -3.919734E-2 1.766500E-2 -4.200259E-1
1.357692E1 6.276746E-2 -3.918987E-2 2.069486E-2 -4.208357E-1
1.359360E1 6.276905E-2 -3.918567E-2 2.366323E-2 -4.213357E-1
1.361028E1 6.276822E-2 -3.920121E-2 2.781148E-2 -4.219037E-1
1.362696E1 6.277066E-2 -3.919609E-2 3.175042E-2 -4.216322E-1
1.364364E1 6.277089E-2 -3.919244E-2 3.566861E-2 -4.218217E-1
1.366032E1 6.277143E-2 -3.918973E-2 4.006564E-2 -4.217318E-1
1.367700E1 6.277066E-2 -3.919684E-2 4.491724E-2 -4.217582E-1
1.369368E1 6.276426E-2 -3.925678E-2 5.023797E-2 -4.215627E-1
1.371036E1 6.276633E-2 -3.925389E-2 5.548248E-2 -4.217416E-1
1.372703E1 6.276923E-2 -3.937300E-2 5.999925E-2 -4.209060E-1
1.374371E1 6.277081E-2 -3.935244E-2 6.486933E-2 -4.202045E-1
1.376039E1 6.277665E-2 -3.947722E-2 6.961486E-2 -4.195853E-1
1.377707E1 6.277673E-2 -3.942593E-2 7.542331E-2 -4.192246E-1
1.379375E1 6.277771E-2 -3.937661E-2 8.009976E-2 -4.182822E-1
1.381043E1 6.277950E-2 -3.934107E-2 8.470627E-2 -4.175668E-1
1.382711E1 6.277584E-2 -3.932009E-2 8.917402E-2 -4.165801E-1
1.384379E1 6.277703E-2 -3.929650E-2 9.329472E-2 -4.156909E-1
1.386047E1 6.277860E-2 -3.928111E-2 9.710294E-2 -4.147189E-1
1.387715E1 6.278680E-2 -3.935175E-2 1.002309E-1 -4.139393E-1
1.389383E1 6.278621E-2 -3.932606E-2 1.031786E-1 -4.131188E-1
1.391051E1 6.278320E-2 -3.939362E-2 1.057229E-1 -4.123661E-1
1.392719E1 6.278412E-2 -3.936102E-2 1.077644E-1 -4.116476E-1
1.394386E1 6.278473E-2 -3.933415E-2 1.091785E-1 -4.109686E-1
1.396054E1 6.278500E-2 -3.931290E-2 1.103036E-1 -4.104505E-1
1.397722E1 6.277516E-2 -3.941163E-2 1.107144E-1 -4.099539E-1
1.399390E1 6.277707E-2 -3.937783E-2 1.105735E-1 -4.096915E-1
1.401058E1 6.278466E-2 -3.938607E-2 1.106267E-1 -4.095578E-1
1.402726E1 6.276373E-2 -3.963297E-2 1.098004E-1 -4.094341E-1
1.404394E1 6.271951E-2 -3.986875E-2 1.082999E-1 -4.094962E-1
1.406062E1 6.273041E-2 -3.993964E-2 1.064994E-1 -4.097121E-1
1.407730E1 6.273769E-2 -3.997678E-2 1.042337E-1 -4.101311E-1
1.409398E1 6.274388E-2 -3.999882E-2 1.015972E-1 -4.106267E-1
1.411066E1 6.275243E-2 -4.005603E-2 9.851158E-2 -4.110960E-1
1.412734E1 6.276040E-2 -4.013297E-2 9.505859E-2 -4.116963E-1
1.414402E1 6.276024E-2 -4.011437E-2 9.143503E-2 -4.123677E-1
1.416070E1 6.276006E-2 -4.011589E-2 8.746468E-2 -4.130568E-1
1.417737E1 6.276006E-2 -4.010285E-2 8.330104E-2 -4.139383E-1
1.419405E1 6.276034E-2 -4.011203E-2 7.843179E-2 -4.145585E-1
1.421073E1 6.275589E-2 -4.013261E-2 7.365195E-2 -4.152111E-1
1.422741E1 6.271137E-2 -4.016675E-2 6.895123E-2 -4.159296E-1
1.424409E1 6.276052E-2 -4.014910E-2 6.440069E-2 -4.165616E-1
1.426077E1 6.275966E-2 -4.013610E-2 5.981506E-2 -4.174115E-1
1.427745E1 6.276032E-2 -4.011905E-2 5.550694E-2 -4.184391E-1
1.429413E1 6.263390E-2 -4.018104E-2 4.993239E-2 -4.184530E-1
1.431081E1 6.266099E-2 -4.016937E-2 4.366473E-2 -4.180352E-1
1.432749E1 6.268934E-2 -4.022658E-2 3.906844E-2 -4.180352E-1
1.434417E1 6.269696E-2 -4.026206E-2 3.530784E-2 -4.167817E-1
1.436085E1 6.270789E-2 -4.024718E-2 3.071155E-2 -4.167817E-1
1.437753E1 6.269413E-2 -4.028424E-2 2.695096E-2 -4.167817E-1
1.439421E1 6.269989E-2 -4.023677E-2 2.697705E-2 -4.211346E-1
1.441088E1 6.270912E-2 -4.020100E-2 2.383021E-2 -4.208969E-1
1.442756E1 6.271854E-2 -4.032741E-2 2.110351E-2 -4.211531E-1
1.444424E1 6.271813E-2 -4.027587E-2 1.910102E-2 -4.209069E-1
1.446092E1 6.269068E-2 -4.026433E-2 1.736418E-2 -4.209546E-1
1.447760E1 6.270391E-2 -4.023097E-2 1.684577E-2 -4.214129E-1
1.449428E1 6.271795E-2 -4.021300E-2 1.597044E-2 -4.215759E-1
1.451096E1 6.272279E-2 -4.018837E-2 1.567712E-2 -4.218173E-1
1.452764E1 6.270426E-2 -4.031903E-2 1.590398E-2 -4.217761E-1
1.454432E1 6.266745E-2 -4.051655E-2 1.726588E-2 -4.225044E-1
1.456100E1 6.268804E-2 -4.071371E-2 1.864444E-2 -4.229081E-1
1.457768E1 6.271130E-2 -4.088573E-2 2.088746E-2 -4.230838E-1
1.459436E1 6.272226E-2 -4.089531E-2 2.297967E-2 -4.235212E-1
1.461104E1 6.272914E-2 -4.092518E-2 2.558149E-2 -4.235762E-1
1.462771E1 6.274086E-2 -4.093206E-2 2.862115E-2 -4.233385E-1
1.464439E1 6.274215E-2 -4.093549E-2 3.172602E-2 -4.234840E-1
1.466107E1 6.274245E-2 -4.095118E-2 3.543163E-2 -4.237459E-1
1.467775E1 6.273978E-2 -4.096293E-2 3.949155E-2 -4.237959E-1
1.469443E1 6.273966E-2 -4.095329E-2 4.392520E-2 -4.235655E-1
1.471111E1 6.273467E-2 -4.096086E-2 4.860769E-2 -4.232747E-1
1.472779E1 6.273697E-2 -4.102351E-2 5.333664E-2 -4.232599E-1
1.474447E1 6.274230E-2 -4.107685E-2 5.748745E-2 -4.225975E-1
1.476115E1 6.274373E-2 -4.106837E-2 6.272018E-2 -4.224046E-1
1.477783E1 6.275232E-2 -4.104324E-2 6.697825E-2 -4.216438E-1
1.479451E1 6.275332E-2 -4.101778E-2 7.135363E-2 -4.211271E-1
1.481119E1 6.275169E-2 -4.098388E-2 7.540064E-2 -4.201102E-1
1.482787E1 6.275049E-2 -4.097037E-2 7.971859E-2 -4.194689E-1
1.484455E1 6.274384E-2 -4.105470E-2 8.383189E-2 -4.185713E-1
1.486122E1 6.274360E-2 -4.104772E-2 8.788668E-2 -4.175643E-1
1.487790E1 6.274123E-2 -4.110238E-2 9.143182E-2 -4.167916E-1
1.489458E1 6.274550E-2 -4.106820E-2 9.474319E-2 -4.159736E-1
1.491126E1 6.275513E-2 -4.100327E-2 9.800552E-2 -4.151962E-1
1.492794E1 6.275604E-2 -4.098822E-2 1.005814E-1 -4.143462E-1
1.494462E1 6.275670E-2 -4.097536E-2 1.027075E-1 -4.135602E-1
1.496130E1 6.275736E-2 -4.096858E-2 1.041139E-1 -4.128652E-1
1.497798E1 6.275936E-2 -4.093970E-2 1.058026E-1 -4.122524E-1
1.499466E1 6.275825E-2 -4.093926E-2 1.065246E-1 -4.118403E-1
1.501134E1 6.275918E-2 -4.095124E-2 1.072054E-1 -4.116381E-1
1.502802E1 6.275409E-2 -4.097211E-2 1.064709E-1 -4.113492E-1
1.504470E1 6.268693E-2 -4.110186E-2 1.063918E-1 -4.110230E-1
1.506138E1 6.270918E-2 -4.112520E-2 1.051494E-1 -4.108910E-1
1.507805E1 6.272847E-2 -4.117538E-2 1.035624E-1 -4.109088E-1
1.509473E1 6.274338E-2 -4.144901E-2 1.014259E-1 -4.113407E-1
1.511141E1 6.275440E-2 -4.156799E-2 9.949771E-2 -4.116136E-1
1.512809E1 6.276271E-2 -4.152220E-2 9.649919E-2 -4.120608E-1
1.514477E1 6.276716E-2 -4.158438E-2 9.383951E-2 -4.126800E-1
1.516145E1 6.277210E-2 -4.156120E-2 9.065085E-2 -4.133428E-1
1.517813E1 6.277195E-2 -4.161460E-2 8.724319E-2 -4.140415E-1
1.519481E1 6.276923E-2 -4.163869E-2 8.345746E-2 -4.147385E-1
1.521149E1 6.280449E-2 -4.165750E-2 7.880810E-2 -4.153739E-1
1.522817E1 6.278429E-2 -4.168039E-2 7.478833E-2 -4.159857E-1
1.524485E1 6.277208E-2 -4.168886E-2 7.061132E-2 -4.166926E-1
1.526153E1 6.277045E-2 -4.170004E-2 6.638505E-2 -4.174178E-1
1.527821E1 6.276706E-2 -4.170908E-2 6.135401E-2 -4.178535E-1
1.529489E1 6.276804E-2 -4.171391E-2 5.716688E-2 -4.186177E-1
1.531156E1 6.276401E-2 -4.171368E-2 5.160377E-2 -4.184530E-1
1.532824E1 6.276708E-2 -4.171660E-2 4.784317E-2 -4.176173E-1
1.534492E1 6.277506E-2 -4.172591E-2 4.157551E-2 -4.176173E-1
1.536160E1 6.277605E-2 -4.171201E-2 3.823275E-2 -4.176173E-1
1.537828E1 6.277879E-2 -4.169719E-2 3.405431E-2 -4.176173E-1
1.539496E1 6.278237E-2 -4.161268E-2 3.196509E-2 -4.188709E-1
1.541164E1 6.278038E-2 -4.163973E-2 3.140045E-2 -4.217177E-1
1.542832E1 6.277445E-2 -4.165195E-2 2.747580E-2 -4.207328E-1
1.544500E1 6.277569E-2 -4.167382E-2 2.494330E-2 -4.208096E-1
1.546168E1 6.277634E-2 -4.169004E-2 2.283084E-2 -4.211657E-1
1.547836E1 6.277176E-2 -4.179701E-2 2.121282E-2 -4.212735E-1
1.549504E1 6.277366E-2 -4.178353E-2 1.979847E-2 -4.211904E-1
1.551172E1 6.277563E-2 -4.162044E-2 1.888164E-2 -4.212003E-1
1.552840E1 6.277869E-2 -4.159368E-2 1.914235E-2 -4.214422E-1
1.554507E1 6.279290E-2 -4.164404E-2 1.933834E-2 -4.214973E-1
1.556175E1 6.277466E-2 -4.165845E-2 1.966090E-2 -4.219714E-1
1.557843E1 6.277251E-2 -4.162287E-2 2.065722E-2 -4.219043E-1
1.559511E1 6.276039E-2 -4.158351E-2 2.209280E-2 -4.221129E-1
1.561179E1 6.277554E-2 -4.149073E-2 2.510104E-2 -4.222550E-1
1.562847E1 6.277279E-2 -4.155017E-2 2.744774E-2 -4.225027E-1
1.564515E1 6.277060E-2 -4.159218E-2 3.015271E-2 -4.224175E-1
1.566183E1 6.276888E-2 -4.162615E-2 3.339979E-2 -4.225357E-1
1.567851E1 6.277397E-2 -4.164123E-2 3.683637E-2 -4.224964E-1
1.569519E1 6.277221E-2 -4.166207E-2 4.044859E-2 -4.227300E-1
1.571187E1 6.277622E-2 -4.161813E-2 4.454713E-2 -4.227617E-1
1.572855E1 6.281249E-2 -4.147218E-2 4.896522E-2 -4.225792E-1
1.574523E1 6.282419E-2 -4.144691E-2 5.332916E-2 -4.224486E-1
1.576190E1 6.281434E-2 -4.113494E-2 5.720199E-2 -4.220172E-1
1.577858E1 6.283854E-2 -4.093136E-2 6.206929E-2 -4.218650E-1
1.579526E1 6.281902E-2 -4.070887E-2 6.594469E-2 -4.209275E-1
1.581194E1 6.284920E-2 -4.076763E-2 7.036774E-2 -4.199694E-1
1.582862E1 6.282831E-2 -4.078664E-2 7.466986E-2 -4.193005E-1
1.584530E1 6.280927E-2 -4.079898E-2 7.894417E-2 -4.183661E-1
1.586198E1 6.276277E-2 -4.110140E-2 8.308088E-2 -4.174667E-1
1.587866E1 6.259589E-2 -4.129343E-2 8.587988E-2 -4.160695E-1
1.589534E1 6.263131E-2 -4.180989E-2 8.919543E-2 -4.151577E-1
1.591202E1 6.261629E-2 -4.170846E-2 9.226421E-2 -4.144707E-1
1.592870E1 6.269689E-2 -4.138042E-2 9.565319E-2 -4.140381E-1
1.594538E1 6.285214E-2 -4.083397E-2 9.800899E-2 -4.136022E-1
1.596206E1 6.286168E-2 -4.026401E-2 9.994593E-2 -4.127569E-1
1.597874E1 6.287229E-2 -3.975234E-2 1.015170E-1 -4.120821E-1
1.599541E1 6.284589E-2 -3.973900E-2 1.032933E-1 -4.114818E-1
1.601209E1 6.285984E-2 -3.982279E-2 1.039951E-1 -4.108800E-1
1.602877E1 6.282955E-2 -3.987314E-2 1.040326E-1 -4.101214E-1
1.604545E1 6.267070E-2 -4.010982E-2 1.039691E-1 -4.095162E-1
1.606213E1 6.250584E-2 -4.025743E-2 1.038483E-1 -4.092979E-1
1.607881E1 6.229108E-2 -4.019773E-2 1.030993E-1 -4.091214E-1
1.609549E1 6.216759E-2 -4.022980E-2 1.016193E-1 -4.090823E-1
1.611217E1 6.211290E-2 -4.011209E-2 1.000003E-1 -4.092855E-1
1.612885E1 6.218998E-2 -3.969710E-2 9.828365E-2 -4.098425E-1
1.614553E1 6.215849E-2 -3.945201E-2 9.574607E-2 -4.102641E-1
1.616221E1 6.215728E-2 -3.905715E-2 9.319239E-2 -4.107679E-1
1.617889E1 6.213937E-2 -3.896722E-2 9.000696E-2 -4.110424E-1
1.619557E1 6.209868E-2 -3.902304E-2 8.700650E-2 -4.115912E-1
1.621224E1 6.206892E-2 -3.906144E-2 8.306799E-2 -4.121181E-1
1.622892E1 6.204821E-2 -3.900226E-2 7.947911E-2 -4.124171E-1
1.624560E1 6.202811E-2 -3.892459E-2 7.568401E-2 -4.132818E-1
1.626228E1 6.201959E-2 -3.897856E-2 7.181947E-2 -4.139368E-1
1.627896E1 6.205519E-2 -3.891557E-2 6.705617E-2 -4.142200E-1
1.629564E1 6.206539E-2 -3.887333E-2 6.328728E-2 -4.149438E-1
1.631232E1 6.205044E-2 -3.891099E-2 5.858970E-2 -4.152089E-1
1.632900E1 6.203894E-2 -3.892722E-2 5.580338E-2 -4.165126E-1
1.634568E1 6.203717E-2 -3.895548E-2 5.035024E-2 -4.163638E-1
1.636236E1 6.202288E-2 -3.880627E-2 4.533610E-2 -4.163638E-1
1.637904E1 6.202692E-2 -3.883199E-2 4.115766E-2 -4.163638E-1
1.639572E1 6.202153E-2 -3.888363E-2 3.823275E-2 -4.163638E-1
1.641240E1 6.202028E-2 -3.877232E-2 3.489000E-2 -4.171995E-1
1.642908E1 6.202150E-2 -3.875205E-2 3.411159E-2 -4.182599E-1
1.644575E1 6.202324E-2 -3.863367E-2 3.035420E-2 -4.179372E-1
1.646243E1 6.204044E-2 -3.830931E-2 2.811292E-2 -4.176599E-1
1.647911E1 6.203517E-2 -3.822004E-2 2.621336E-2 -4.177989E-1
1.649579E1 6.203613E-2 -3.812708E-2 2.459619E-2 -4.177315E-1
1.651247E1 6.205499E-2 -3.808560E-2 2.329243E-2 -4.175651E-1
1.652915E1 6.205030E-2 -3.812125E-2 2.253186E-2 -4.175146E-1
1.654583E1 6.211402E-2 -3.796193E-2 2.213035E-2 -4.178453E-1
1.656251E1 6.209596E-2 -3.803560E-2 2.225698E-2 -4.177456E-1
1.657919E1 6.208472E-2 -3.791839E-2 2.259793E-2 -4.176413E-1
1.659587E1 6.206922E-2 -3.777904E-2 2.343161E-2 -4.176638E-1
1.661255E1 6.207669E-2 -3.750944E-2 2.464353E-2 -4.179158E-1
1.662923E1 6.207422E-2 -3.732336E-2 2.635507E-2 -4.179005E-1
1.664591E1 6.207313E-2 -3.721866E-2 2.847366E-2 -4.176427E-1
1.666259E1 6.206939E-2 -3.721901E-2 3.079019E-2 -4.177192E-1
1.667926E1 6.210471E-2 -3.722981E-2 3.388300E-2 -4.177966E-1
1.669594E1 6.209068E-2 -3.724263E-2 3.714523E-2 -4.178263E-1
1.671262E1 6.208495E-2 -3.725239E-2 4.057305E-2 -4.177904E-1
1.672930E1 6.207440E-2 -3.708971E-2 4.415030E-2 -4.176351E-1
1.674598E1 6.211884E-2 -3.698626E-2 4.825506E-2 -4.175881E-1
1.676266E1 6.210519E-2 -3.682725E-2 5.240873E-2 -4.174134E-1
1.677934E1 6.209769E-2 -3.673274E-2 5.610346E-2 -4.166949E-1
1.679602E1 6.209475E-2 -3.656219E-2 5.972818E-2 -4.162099E-1
1.681270E1 6.209042E-2 -3.637519E-2 6.429908E-2 -4.158665E-1
1.682938E1 6.210273E-2 -3.624612E-2 6.893195E-2 -4.158195E-1
1.684606E1 6.209648E-2 -3.614149E-2 7.260431E-2 -4.148946E-1
1.686274E1 6.213157E-2 -3.592934E-2 7.632666E-2 -4.143778E-1
1.687942E1 6.212552E-2 -3.577401E-2 8.002867E-2 -4.134021E-1
1.689609E1 6.216769E-2 -3.573182E-2 8.345953E-2 -4.125344E-1
1.691277E1 6.217773E-2 -3.559651E-2 8.675054E-2 -4.117099E-1
1.692945E1 6.215200E-2 -3.540827E-2 8.974700E-2 -4.110830E-1
1.694613E1 6.215400E-2 -3.526300E-2 9.240176E-2 -4.102164E-1
1.696281E1 6.214515E-2 -3.513059E-2 9.487557E-2 -4.093636E-1
1.697949E1 6.213862E-2 -3.499700E-2 9.696086E-2 -4.084424E-1
1.699617E1 6.221205E-2 -3.478771E-2 9.833655E-2 -4.077781E-1
1.701285E1 6.218650E-2 -3.481040E-2 1.002793E-1 -4.072779E-1
1.702953E1 6.215582E-2 -3.480720E-2 1.008221E-1 -4.068283E-1
1.704621E1 6.216059E-2 -3.477211E-2 1.017085E-1 -4.065241E-1
1.706289E1 6.214950E-2 -3.468312E-2 1.020820E-1 -4.063459E-1
1.707957E1 6.213906E-2 -3.472500E-2 1.014362E-1 -4.060165E-1
1.709625E1 6.213131E-2 -3.475441E-2 1.008016E-1 -4.058756E-1
1.711293E1 6.212346E-2 -3.478966E-2 9.992892E-2 -4.058637E-1
1.712960E1 6.211396E-2 -3.490127E-2 9.842609E-2 -4.058026E-1
1.714628E1 6.210007E-2 -3.502252E-2 9.654818E-2 -4.059848E-1
1.716296E1 6.210732E-2 -3.504053E-2 9.413002E-2 -4.060787E-1
1.717964E1 6.209615E-2 -3.515225E-2 9.221593E-2 -4.066396E-1
1.719632E1 6.209761E-2 -3.509185E-2 8.912688E-2 -4.069047E-1
1.721300E1 6.209778E-2 -3.504846E-2 8.635475E-2 -4.075902E-1
1.722968E1 6.209798E-2 -3.493702E-2 8.336256E-2 -4.081415E-1
1.724636E1 6.210598E-2 -3.490294E-2 7.927832E-2 -4.085088E-1
1.726304E1 6.210711E-2 -3.492068E-2 7.598955E-2 -4.091454E-1
1.727972E1 6.215274E-2 -3.472131E-2 7.226604E-2 -4.099966E-1
1.729640E1 6.214629E-2 -3.474647E-2 6.880193E-2 -4.107819E-1
1.731308E1 6.213978E-2 -3.477470E-2 6.431162E-2 -4.109943E-1
1.732976E1 6.214054E-2 -3.470100E-2 6.070220E-2 -4.117311E-1
1.734643E1 6.213940E-2 -3.471706E-2 5.738292E-2 -4.125298E-1
1.736311E1 6.212649E-2 -3.484652E-2 5.243946E-2 -4.126032E-1
1.737979E1 6.212581E-2 -3.486894E-2 4.863881E-2 -4.127357E-1
1.739647E1 6.211473E-2 -3.496329E-2 4.473290E-2 -4.129801E-1
1.741315E1 6.211290E-2 -3.499300E-2 4.155355E-2 -4.131153E-1
1.742983E1 6.212134E-2 -3.501520E-2 3.787652E-2 -4.131609E-1
1.744651E1 6.211996E-2 -3.498767E-2 3.530784E-2 -4.142746E-1
1.746319E1 6.209549E-2 -3.501126E-2 3.234060E-2 -4.142251E-1
1.747987E1 6.209782E-2 -3.494814E-2 3.030285E-2 -4.147575E-1
1.749655E1 6.214284E-2 -3.480546E-2 2.811313E-2 -4.148718E-1
1.751323E1 6.215047E-2 -3.467434E-2 2.611527E-2 -4.151103E-1
1.752991E1 6.215684E-2 -3.434508E-2 2.487287E-2 -4.152461E-1
1.754659E1 6.222348E-2 -3.407336E-2 2.391025E-2 -4.150167E-1
1.756327E1 6.220761E-2 -3.410769E-2 2.322324E-2 -4.153502E-1
1.757994E1 6.217739E-2 -3.426907E-2 2.347174E-2 -4.151563E-1
1.759662E1 6.209381E-2 -3.452029E-2 2.383961E-2 -4.149973E-1
1.761330E1 6.209598E-2 -3.485446E-2 2.449059E-2 -4.151068E-1
1.762998E1 6.209773E-2 -3.503872E-2 2.558076E-2 -4.149604E-1
1.764666E1 6.210915E-2 -3.507490E-2 2.697739E-2 -4.152745E-1
1.766334E1 6.211163E-2 -3.503320E-2 2.872555E-2 -4.154226E-1
1.768002E1 6.211351E-2 -3.485479E-2 3.143757E-2 -4.156515E-1
1.769670E1 6.211166E-2 -3.475133E-2 3.383922E-2 -4.158530E-1
1.771338E1 6.211593E-2 -3.477963E-2 3.658774E-2 -4.161905E-1
1.773006E1 6.211530E-2 -3.480213E-2 3.982919E-2 -4.158619E-1
1.774674E1 6.211640E-2 -3.482848E-2 4.313010E-2 -4.157553E-1
1.776342E1 6.212838E-2 -3.499657E-2 4.683921E-2 -4.158680E-1
1.778010E1 6.212500E-2 -3.501064E-2 5.071685E-2 -4.156730E-1
1.779678E1 6.211926E-2 -3.501567E-2 5.382789E-2 -4.153236E-1
1.781345E1 6.212234E-2 -3.499741E-2 5.813946E-2 -4.149636E-1
1.783013E1 6.212284E-2 -3.497914E-2 6.153758E-2 -4.144154E-1
1.784681E1 6.211786E-2 -3.500956E-2 6.574318E-2 -4.140867E-1
1.786349E1 6.211667E-2 -3.514297E-2 6.906434E-2 -4.134329E-1
1.788017E1 6.211823E-2 -3.510227E-2 7.330463E-2 -4.130894E-1
1.789685E1 6.211307E-2 -3.517766E-2 7.652101E-2 -4.124079E-1
1.791353E1 6.211518E-2 -3.513474E-2 7.951692E-2 -4.118839E-1
1.793021E1 6.211600E-2 -3.510129E-2 8.237082E-2 -4.110966E-1
1.794689E1 6.211646E-2 -3.507616E-2 8.626601E-2 -4.107048E-1
1.796357E1 6.211668E-2 -3.522597E-2 8.838027E-2 -4.100235E-1
1.798025E1 6.212285E-2 -3.526536E-2 9.043514E-2 -4.092530E-1
1.799693E1 6.212184E-2 -3.521042E-2 9.229895E-2 -4.085981E-1
1.801361E1 6.212087E-2 -3.516698E-2 9.442533E-2 -4.082444E-1
1.803028E1 6.211568E-2 -3.512795E-2 9.525989E-2 -4.076817E-1
1.804696E1 6.210184E-2 -3.516782E-2 9.723130E-2 -4.073970E-1
1.806364E1 6.210335E-2 -3.529519E-2 9.850655E-2 -4.073237E-1
1.808032E1 6.210404E-2 -3.524308E-2 9.731570E-2 -4.068598E-1
1.809700E1 6.210890E-2 -3.521762E-2 9.734117E-2 -4.067651E-1
1.811368E1 6.211149E-2 -3.518910E-2 9.698763E-2 -4.066594E-1
1.813036E1 6.211064E-2 -3.530762E-2 9.615472E-2 -4.067706E-1
1.814704E1 6.209818E-2 -3.538705E-2 9.496588E-2 -4.067142E-1
1.816372E1 6.208643E-2 -3.575496E-2 9.331195E-2 -4.068576E-1
1.818040E1 6.206122E-2 -3.585026E-2 9.205801E-2 -4.072992E-1
1.819708E1 6.204458E-2 -3.596939E-2 8.922697E-2 -4.076456E-1
1.821376E1 6.204468E-2 -3.606872E-2 8.754794E-2 -4.082483E-1
1.823044E1 6.205567E-2 -3.601631E-2 8.516366E-2 -4.089581E-1
1.824712E1 6.206357E-2 -3.597741E-2 8.139090E-2 -4.094214E-1
1.826379E1 6.206901E-2 -3.596198E-2 7.866050E-2 -4.100108E-1
1.828047E1 6.207293E-2 -3.593968E-2 7.582123E-2 -4.107188E-1
1.829715E1 6.206451E-2 -3.596133E-2 7.248659E-2 -4.114136E-1
1.831383E1 6.206933E-2 -3.596270E-2 6.816142E-2 -4.118608E-1
1.833051E1 6.206857E-2 -3.602027E-2 6.492022E-2 -4.125537E-1
1.834719E1 6.207743E-2 -3.603453E-2 6.176233E-2 -4.133757E-1
1.836387E1 6.207002E-2 -3.609166E-2 5.886479E-2 -4.141634E-1
1.838055E1 6.207084E-2 -3.605102E-2 5.536437E-2 -4.138567E-1
1.839723E1 6.207399E-2 -3.603347E-2 5.193477E-2 -4.144229E-1
1.841391E1 6.207782E-2 -3.604626E-2 4.851163E-2 -4.148787E-1
1.843059E1 6.207918E-2 -3.601037E-2 4.526942E-2 -4.151460E-1
1.844727E1 6.207643E-2 -3.598083E-2 4.175449E-2 -4.153507E-1
1.846395E1 6.207852E-2 -3.596144E-2 3.872733E-2 -4.154191E-1
1.848062E1 6.208077E-2 -3.594751E-2 3.614353E-2 -4.163638E-1
1.849730E1 6.208327E-2 -3.594681E-2 3.377198E-2 -4.162936E-1
1.851398E1 6.208548E-2 -3.593604E-2 3.166868E-2 -4.163060E-1
1.853066E1 6.209154E-2 -3.607577E-2 3.014739E-2 -4.163201E-1
1.854734E1 6.204892E-2 -3.620400E-2 2.820449E-2 -4.176173E-1
1.856402E1 6.205751E-2 -3.647424E-2 2.725449E-2 -4.177392E-1
1.858070E1 6.206381E-2 -3.658402E-2 2.657771E-2 -4.178386E-1
1.859738E1 6.206932E-2 -3.662378E-2 2.680187E-2 -4.181111E-1
1.861406E1 6.207312E-2 -3.664853E-2 2.681445E-2 -4.182744E-1
1.863074E1 6.207577E-2 -3.666363E-2 2.725774E-2 -4.185793E-1
1.864742E1 6.208063E-2 -3.667789E-2 2.825855E-2 -4.184888E-1
1.866410E1 6.208728E-2 -3.668435E-2 2.941173E-2 -4.183779E-1
1.868078E1 6.208684E-2 -3.679208E-2 3.100440E-2 -4.184640E-1
1.869746E1 6.209522E-2 -3.679766E-2 3.285054E-2 -4.188458E-1
1.871413E1 6.209569E-2 -3.684203E-2 3.521494E-2 -4.184362E-1
1.873081E1 6.209037E-2 -3.684794E-2 3.767523E-2 -4.184813E-1
1.874749E1 6.209114E-2 -3.682429E-2 4.041330E-2 -4.187799E-1
1.876417E1 6.209902E-2 -3.686327E-2 4.365127E-2 -4.183857E-1
1.878085E1 6.210081E-2 -3.684210E-2 4.686518E-2 -4.183742E-1
1.879753E1 6.210004E-2 -3.682149E-2 5.045061E-2 -4.184370E-1
1.881421E1 6.209452E-2 -3.680074E-2 5.436477E-2 -4.181310E-1
1.883089E1 6.209484E-2 -3.678820E-2 5.709196E-2 -4.179347E-1
1.884757E1 6.209459E-2 -3.677835E-2 6.119819E-2 -4.173520E-1
1.886425E1 6.210001E-2 -3.677111E-2 6.429038E-2 -4.168568E-1
1.888093E1 6.210504E-2 -3.681122E-2 6.847533E-2 -4.165011E-1
1.889761E1 6.210110E-2 -3.682587E-2 7.151329E-2 -4.159284E-1
1.891429E1 6.210254E-2 -3.691784E-2 7.452312E-2 -4.151486E-1
1.893096E1 6.210228E-2 -3.687823E-2 7.748338E-2 -4.146020E-1
1.894764E1 6.210513E-2 -3.687265E-2 8.115966E-2 -4.139699E-1
1.896432E1 6.210280E-2 -3.686496E-2 8.376388E-2 -4.132570E-1
1.898100E1 6.210476E-2 -3.683923E-2 8.596997E-2 -4.126502E-1
1.899768E1 6.210365E-2 -3.681774E-2 8.791930E-2 -4.118759E-1
1.901436E1 6.209802E-2 -3.681272E-2 9.041343E-2 -4.114903E-1
1.903104E1 6.209969E-2 -3.679702E-2 9.150204E-2 -4.110331E-1
1.904772E1 6.212351E-2 -3.684939E-2 9.266795E-2 -4.104236E-1
1.906440E1 6.211094E-2 -3.689558E-2 9.430086E-2 -4.099790E-1
1.908108E1 6.211237E-2 -3.679564E-2 9.560807E-2 -4.098856E-1
1.909776E1 6.210946E-2 -3.677961E-2 9.460129E-2 -4.093818E-1
1.911444E1 6.209820E-2 -3.683546E-2 9.458299E-2 -4.093017E-1
1.913112E1 6.210194E-2 -3.675720E-2 9.443003E-2 -4.093021E-1
1.914780E1 6.210335E-2 -3.671701E-2 9.374473E-2 -4.092632E-1
1.916447E1 6.210191E-2 -3.672410E-2 9.267350E-2 -4.094523E-1
1.918115E1 6.210269E-2 -3.665472E-2 9.122325E-2 -4.095328E-1
1.919783E1 6.210216E-2 -3.667544E-2 9.024965E-2 -4.098207E-1
1.921451E1 6.210462E-2 -3.669643E-2 8.785203E-2 -4.100940E-1
1.923119E1 6.210914E-2 -3.679689E-2 8.617434E-2 -4.106393E-1
1.924787E1 6.210953E-2 -3.681382E-2 8.335715E-2 -4.110752E-1
1.926455E1 6.210687E-2 -3.681990E-2 8.107900E-2 -4.116192E-1
1.928123E1 6.210696E-2 -3.680195E-2 7.772337E-2 -4.120028E-1
1.929791E1 6.210618E-2 -3.677359E-2 7.503481E-2 -4.126356E-1
1.931459E1 6.210828E-2 -3.676062E-2 7.207694E-2 -4.132144E-1
1.933127E1 6.210884E-2 -3.672724E-2 6.966992E-2 -4.141583E-1
1.934795E1 6.210847E-2 -3.673123E-2 6.532735E-2 -4.142903E-1
1.936463E1 6.210789E-2 -3.673405E-2 6.259448E-2 -4.151207E-1
1.938131E1 6.210799E-2 -3.673661E-2 5.985160E-2 -4.159145E-1
1.939798E1 6.211045E-2 -3.671930E-2 5.536437E-2 -4.155281E-1
1.941466E1 6.211449E-2 -3.672156E-2 5.202161E-2 -4.155281E-1
1.943134E1 6.211466E-2 -3.671178E-2 4.867514E-2 -4.157091E-1
1.944802E1 6.211337E-2 -3.671559E-2 4.569721E-2 -4.160479E-1
1.946470E1 6.211164E-2 -3.671274E-2 4.243022E-2 -4.163596E-1
1.948138E1 6.211148E-2 -3.667661E-2 3.950838E-2 -4.164164E-1
1.949806E1 6.211192E-2 -3.667753E-2 3.666047E-2 -4.164969E-1
1.951474E1 6.211980E-2 -3.667364E-2 3.489000E-2 -4.163638E-1
1.953142E1 6.211790E-2 -3.658717E-2 3.276940E-2 -4.161969E-1
1.954810E1 6.211587E-2 -3.665500E-2 3.071155E-2 -4.180352E-1
1.956478E1 6.211257E-2 -3.667571E-2 2.938230E-2 -4.179050E-1
1.958146E1 6.210772E-2 -3.667599E-2 2.828063E-2 -4.180485E-1
1.959814E1 6.210680E-2 -3.669572E-2 2.755690E-2 -4.180291E-1
1.961481E1 6.211429E-2 -3.669786E-2 2.722186E-2 -4.181881E-1
1.963149E1 6.211139E-2 -3.670561E-2 2.738246E-2 -4.182288E-1
1.964817E1 6.210871E-2 -3.671004E-2 2.773274E-2 -4.181040E-1
1.966485E1 6.210773E-2 -3.671656E-2 2.898065E-2 -4.185906E-1
1.968153E1 6.210682E-2 -3.672122E-2 3.015107E-2 -4.184720E-1
1.969821E1 6.210679E-2 -3.672953E-2 3.158099E-2 -4.186729E-1
1.971489E1 6.210599E-2 -3.672237E-2 3.327144E-2 -4.187204E-1
1.973157E1 6.211045E-2 -3.672561E-2 3.553705E-2 -4.188849E-1
1.974825E1 6.211289E-2 -3.673115E-2 3.793408E-2 -4.188803E-1
1.976493E1 6.211686E-2 -3.665700E-2 4.055771E-2 -4.188539E-1
1.978161E1 6.211645E-2 -3.667732E-2 4.346864E-2 -4.186508E-1
1.979829E1 6.211581E-2 -3.656373E-2 4.657313E-2 -4.186482E-1
1.981497E1 6.210995E-2 -3.657970E-2 4.929808E-2 -4.181941E-1
1.983165E1 6.211177E-2 -3.661852E-2 5.258064E-2 -4.179822E-1
1.984832E1 6.210162E-2 -3.661439E-2 5.610959E-2 -4.176670E-1
1.986500E1 6.210138E-2 -3.663599E-2 5.908945E-2 -4.172937E-1
1.988168E1 6.210256E-2 -3.665244E-2 6.281067E-2 -4.168329E-1
1.989836E1 6.210288E-2 -3.666417E-2 6.586488E-2 -4.163296E-1
1.991504E1 6.210403E-2 -3.667340E-2 6.887259E-2 -4.157740E-1
1.993172E1 6.210460E-2 -3.668734E-2 7.254709E-2 -4.152152E-1
1.994840E1 6.210456E-2 -3.669005E-2 7.528189E-2 -4.145211E-1
1.996508E1 6.210452E-2 -3.669082E-2 7.779486E-2 -4.139179E-1
1.998176E1 6.210427E-2 -3.668960E-2 8.026845E-2 -4.132214E-1
1.999844E1 6.210539E-2 -3.666910E-2 8.255199E-2 -4.125793E-1
2.001512E1 6.210517E-2 -3.667397E-2 8.497174E-2 -4.120618E-1
2.003180E1 6.210639E-2 -3.667343E-2 8.666002E-2 -4.115263E-1
2.004848E1 6.217160E-2 -3.658526E-2 8.863161E-2 -4.110235E-1
2.006515E1 6.215792E-2 -3.660694E-2 8.970766E-2 -4.106600E-1
2.008183E1 6.214882E-2 -3.662692E-2 9.119114E-2 -4.101474E-1
2.009851E1 6.213975E-2 -3.662700E-2 9.140586E-2 -4.098618E-1
2.011519E1 6.213711E-2 -3.660802E-2 9.205253E-2 -4.095277E-1
2.013187E1 6.213213E-2 -3.662408E-2 9.211483E-2 -4.093498E-1
2.014855E1 6.212590E-2 -3.663224E-2 9.196563E-2 -4.093805E-1
2.016523E1 6.212493E-2 -3.664154E-2 9.173439E-2 -4.095028E-1
2.018191E1 6.210656E-2 -3.666729E-2 9.073900E-2 -4.096155E-1
2.019859E1 6.210944E-2 -3.666715E-2 8.948338E-2 -4.097187E-1
2.021527E1 6.210823E-2 -3.666596E-2 8.771273E-2 -4.098882E-1
2.023195E1 6.210945E-2 -3.666729E-2 8.626864E-2 -4.101574E-1
2.024863E1 6.210817E-2 -3.666722E-2 8.417382E-2 -4.105793E-1
2.026531E1 6.211087E-2 -3.665457E-2 8.243041E-2 -4.111562E-1
2.028199E1 6.210875E-2 -3.661049E-2 7.942284E-2 -4.115313E-1
2.029866E1 6.210851E-2 -3.650945E-2 7.739808E-2 -4.120651E-1
2.031534E1 6.210982E-2 -3.654256E-2 7.429803E-2 -4.123450E-1
2.033202E1 6.211016E-2 -3.656976E-2 7.164215E-2 -4.130177E-1
2.034870E1 6.211037E-2 -3.659162E-2 6.938695E-2 -4.135948E-1
2.036538E1 6.211423E-2 -3.666274E-2 6.545754E-2 -4.140403E-1
2.038206E1 6.211360E-2 -3.666363E-2 6.279246E-2 -4.145561E-1
2.039874E1 6.211571E-2 -3.663701E-2 6.066418E-2 -4.153606E-1
2.041542E1 6.212078E-2 -3.664632E-2 5.870712E-2 -4.155281E-1
2.043210E1 6.211915E-2 -3.664938E-2 5.607747E-2 -4.162418E-1
2.044878E1 6.210911E-2 -3.668122E-2 5.300360E-2 -4.165852E-1
2.046546E1 6.211054E-2 -3.667665E-2 5.026103E-2 -4.169233E-1
2.048214E1 6.212214E-2 -3.665730E-2 4.737004E-2 -4.171437E-1
2.049882E1 6.211924E-2 -3.665930E-2 4.461656E-2 -4.173771E-1
2.051550E1 6.211228E-2 -3.665794E-2 4.205130E-2 -4.175579E-1
2.053217E1 6.209261E-2 -3.665733E-2 3.972272E-2 -4.174547E-1
2.054885E1 6.206986E-2 -3.666911E-2 3.753600E-2 -4.174695E-1
2.056553E1 6.207701E-2 -3.666659E-2 3.588370E-2 -4.174651E-1
2.058221E1 6.207584E-2 -3.666693E-2 3.449641E-2 -4.173371E-1
2.059889E1 6.207008E-2 -3.666835E-2 3.321862E-2 -4.180352E-1
2.061557E1 6.210585E-2 -3.665803E-2 3.265451E-2 -4.179668E-1
2.063225E1 6.210491E-2 -3.666061E-2 3.216892E-2 -4.180513E-1
2.064893E1 6.208715E-2 -3.666824E-2 3.222159E-2 -4.180495E-1
2.066561E1 6.209573E-2 -3.680167E-2 3.262260E-2 -4.181010E-1
2.068229E1 6.207279E-2 -3.680738E-2 3.309209E-2 -4.182061E-1
2.069897E1 6.207787E-2 -3.678703E-2 3.402409E-2 -4.181763E-1
2.071565E1 6.208138E-2 -3.665076E-2 3.526242E-2 -4.180618E-1
2.073233E1 6.199601E-2 -3.670860E-2 3.675300E-2 -4.180332E-1
2.074900E1 6.210142E-2 -3.669252E-2 3.861103E-2 -4.179734E-1
2.076568E1 6.210734E-2 -3.672812E-2 4.077057E-2 -4.180361E-1
2.078236E1 6.211538E-2 -3.676006E-2 4.308520E-2 -4.180866E-1
2.079904E1 6.211529E-2 -3.678283E-2 4.563158E-2 -4.179426E-1
2.081572E1 6.211247E-2 -3.676644E-2 4.842329E-2 -4.178459E-1
2.083240E1 6.211047E-2 -3.675427E-2 5.140885E-2 -4.178562E-1
2.084908E1 6.212303E-2 -3.674327E-2 5.397694E-2 -4.175379E-1
2.086576E1 6.212354E-2 -3.673973E-2 5.719221E-2 -4.171360E-1
2.088244E1 6.212106E-2 -3.673644E-2 6.013247E-2 -4.165546E-1
2.089912E1 6.213700E-2 -3.683060E-2 6.338588E-2 -4.162193E-1
2.091580E1 6.214682E-2 -3.681984E-2 6.689386E-2 -4.159549E-1
2.093248E1 6.215253E-2 -3.693445E-2 6.960848E-2 -4.155405E-1
2.094916E1 6.214607E-2 -3.692777E-2 7.210261E-2 -4.149644E-1
2.096584E1 6.225635E-2 -3.686922E-2 7.538600E-2 -4.144981E-1
2.098251E1 6.223521E-2 -3.680357E-2 7.772840E-2 -4.139394E-1
2.099919E1 6.216281E-2 -3.672492E-2 7.975500E-2 -4.132368E-1
2.101587E1 6.208237E-2 -3.669935E-2 8.181795E-2 -4.123524E-1
2.103255E1 6.197736E-2 -3.669262E-2 8.437003E-2 -4.118917E-1
2.104923E1 6.188992E-2 -3.663321E-2 8.568884E-2 -4.114165E-1
2.106591E1 6.193753E-2 -3.664990E-2 8.797773E-2 -4.112015E-1
2.108259E1 6.196333E-2 -3.674848E-2 8.890571E-2 -4.106886E-1
2.109927E1 6.199054E-2 -3.673941E-2 9.046994E-2 -4.104622E-1
2.111595E1 6.201118E-2 -3.673234E-2 9.052707E-2 -4.098977E-1
2.113263E1 6.201911E-2 -3.672622E-2 9.134152E-2 -4.096561E-1
2.114931E1 6.196968E-2 -3.687166E-2 9.196554E-2 -4.093383E-1
2.116599E1 6.198987E-2 -3.685778E-2 9.170075E-2 -4.094334E-1
2.118267E1 6.199817E-2 -3.683752E-2 9.132483E-2 -4.095760E-1
2.119934E1 6.203654E-2 -3.680647E-2 9.065633E-2 -4.096230E-1
2.121602E1 6.214051E-2 -3.681371E-2 8.964415E-2 -4.098303E-1
2.123270E1 6.214546E-2 -3.687242E-2 8.807843E-2 -4.099809E-1
2.124938E1 6.222945E-2 -3.682915E-2 8.713096E-2 -4.105883E-1
2.126606E1 6.236231E-2 -3.698156E-2 8.611798E-2 -4.109872E-1
2.128274E1 6.240124E-2 -3.698154E-2 8.382010E-2 -4.114832E-1
2.129942E1 6.239400E-2 -3.706121E-2 8.190255E-2 -4.119691E-1
2.131610E1 6.235057E-2 -3.734496E-2 7.893890E-2 -4.123908E-1
2.133278E1 6.235236E-2 -3.743464E-2 7.701771E-2 -4.128146E-1
2.134946E1 6.247443E-2 -3.748030E-2 7.444399E-2 -4.135462E-1
2.136614E1 6.247936E-2 -3.751016E-2 7.127646E-2 -4.141289E-1
2.138282E1 6.241670E-2 -3.751636E-2 6.886847E-2 -4.146291E-1
2.139950E1 6.236843E-2 -3.752898E-2 6.575792E-2 -4.148686E-1
2.141618E1 6.231258E-2 -3.738800E-2 6.309209E-2 -4.155525E-1
2.143285E1 6.212576E-2 -3.734319E-2 6.062043E-2 -4.162897E-1
2.144953E1 6.209746E-2 -3.736973E-2 5.620006E-2 -4.171995E-1
2.146621E1 6.205687E-2 -3.728496E-2 5.314339E-2 -4.174224E-1
2.148289E1 6.205858E-2 -3.725746E-2 5.056965E-2 -4.176295E-1
2.149957E1 6.190951E-2 -3.710920E-2 4.770197E-2 -4.179068E-1
2.151625E1 6.181118E-2 -3.693485E-2 4.509865E-2 -4.181061E-1
2.153293E1 6.188717E-2 -3.686175E-2 4.265480E-2 -4.181975E-1
2.154961E1 6.198918E-2 -3.688003E-2 4.048616E-2 -4.181860E-1
2.156629E1 6.201549E-2 -3.694847E-2 3.839137E-2 -4.183445E-1
2.158297E1 6.204083E-2 -3.683597E-2 3.679450E-2 -4.183625E-1
2.159965E1 6.205794E-2 -3.664160E-2 3.547933E-2 -4.181721E-1
2.161633E1 6.180669E-2 -3.669842E-2 3.390498E-2 -4.180240E-1
2.163301E1 6.184947E-2 -3.667370E-2 3.283486E-2 -4.180511E-1
2.164969E1 6.190507E-2 -3.667756E-2 3.614353E-2 -4.197066E-1
2.166636E1 6.195296E-2 -3.667801E-2 3.599333E-2 -4.196612E-1
2.168304E1 6.198251E-2 -3.671479E-2 3.609997E-2 -4.196580E-1
2.169972E1 6.192796E-2 -3.687688E-2 3.651915E-2 -4.195787E-1
2.171640E1 6.195839E-2 -3.684480E-2 3.727919E-2 -4.195703E-1
2.173308E1 6.203338E-2 -3.694326E-2 3.832712E-2 -4.198396E-1
2.174976E1 6.207355E-2 -3.688920E-2 3.988222E-2 -4.196585E-1
2.176644E1 6.207636E-2 -3.687774E-2 4.125648E-2 -4.196391E-1
2.178312E1 6.205773E-2 -3.702686E-2 4.315880E-2 -4.195738E-1
2.179980E1 6.201316E-2 -3.726258E-2 4.522260E-2 -4.196010E-1
2.181648E1 6.209721E-2 -3.741140E-2 4.769285E-2 -4.195182E-1
2.183316E1 6.208941E-2 -3.743969E-2 5.023626E-2 -4.194959E-1
2.184984E1 6.208253E-2 -3.757697E-2 5.257869E-2 -4.192554E-1
2.186652E1 6.208045E-2 -3.756105E-2 5.538594E-2 -4.187121E-1
2.188319E1 6.207851E-2 -3.755076E-2 5.844002E-2 -4.186939E-1
2.189987E1 6.207718E-2 -3.754908E-2 6.102165E-2 -4.182128E-1
2.191655E1 6.208374E-2 -3.754048E-2 6.418351E-2 -4.179463E-1
2.193323E1 6.208325E-2 -3.761043E-2 6.682610E-2 -4.174145E-1
2.194991E1 6.210223E-2 -3.759985E-2 6.940693E-2 -4.166101E-1
2.196659E1 6.209506E-2 -3.757895E-2 7.265313E-2 -4.162378E-1
2.198327E1 6.209738E-2 -3.756913E-2 7.493647E-2 -4.154950E-1
2.199995E1 6.210695E-2 -3.756213E-2 7.707091E-2 -4.148900E-1
2.201663E1 6.210309E-2 -3.755254E-2 7.977713E-2 -4.144565E-1
2.203331E1 6.209994E-2 -3.754336E-2 8.173384E-2 -4.139792E-1
2.204999E1 6.212360E-2 -3.758641E-2 8.350923E-2 -4.133420E-1
2.206667E1 6.211505E-2 -3.756821E-2 8.561327E-2 -4.128247E-1
