0.000000E0 1.499670E-1 -2.407026E-1
1.667867E-2 1.499014E-1 -2.407270E-1
3.335735E-2 1.496452E-1 -2.408671E-1
5.003602E-2 1.487130E-1 -2.405602E-1
6.671470E-2 1.466591E-1 -2.408593E-1
8.339337E-2 1.445820E-1 -2.418680E-1
1.000720E-1 1.400582E-1 -2.435056E-1
1.167507E-1 1.351537E-1 -2.455017E-1
1.334294E-1 1.289171E-1 -2.489243E-1
1.501081E-1 1.211627E-1 -2.532209E-1
1.667867E-1 1.124815E-1 -2.587011E-1
1.834654E-1 1.025904E-1 -2.638609E-1
2.001441E-1 9.072952E-2 -2.674613E-1
2.168228E-1 7.895158E-2 -2.715867E-1
2.335014E-1 6.170957E-2 -2.734427E-1
2.501801E-1 4.790669E-2 -2.763444E-1
2.668588E-1 3.620981E-2 -2.803714E-1
2.835375E-1 2.098111E-2 -2.819579E-1
3.002161E-1 3.025063E-3 -2.799024E-1
3.168948E-1 -1.481143E-2 -2.814126E-1
3.335735E-1 -2.578370E-2 -2.789287E-1
3.502522E-1 -4.041895E-2 -2.772788E-1
3.669308E-1 -5.572766E-2 -2.745504E-1
3.836095E-1 -6.814355E-2 -2.708992E-1
4.002882E-1 -7.940660E-2 -2.673961E-1
4.169669E-1 -9.146368E-2 -2.635731E-1
4.336455E-1 -1.122246E-1 -2.591191E-1
4.503242E-1 -1.199789E-1 -2.576651E-1
4.670029E-1 -1.296717E-1 -2.508801E-1
4.836816E-1 -1.379106E-1 -2.474876E-1
5.003602E-1 -1.408185E-1 -2.460337E-1
5.170389E-1 -1.456649E-1 -2.436105E-1
5.337176E-1 -1.495421E-1 -2.421566E-1
5.503963E-1 -1.500267E-1 -2.392487E-1
5.670749E-1 -1.500267E-1 -2.402180E-1
5.837536E-1 -1.500267E-1 -2.402180E-1
6.004323E-1 -1.446956E-1 -2.431258E-1
6.171110E-1 -1.432417E-1 -2.450644E-1
6.337896E-1 -1.393646E-1 -2.503955E-1
6.504683E-1 -1.301564E-1 -2.518494E-1
6.671470E-1 -1.199789E-1 -2.581498E-1
6.838256E-1 -1.146478E-1 -2.605730E-1
7.005043E-1 -1.020471E-1 -2.654194E-1
7.171830E-1 -9.332352E-2 -2.692965E-1
7.338617E-1 -8.363067E-2 -2.722044E-1
7.505403E-1 -6.385529E-2 -2.730091E-1
7.672190E-1 -5.051435E-2 -2.755298E-1
7.838977E-1 -3.763320E-2 -2.774448E-1
8.005764E-1 -2.886606E-2 -2.799587E-1
8.172550E-1 -1.061049E-2 -2.791686E-1
8.339337E-1 3.369643E-3 -2.791295E-1
8.506124E-1 1.698154E-2 -2.788987E-1
8.672911E-1 2.993114E-2 -2.778871E-1
8.839697E-1 4.602637E-2 -2.790219E-1
9.006484E-1 5.846649E-2 -2.763589E-1
9.173271E-1 7.025409E-2 -2.734237E-1
9.340058E-1 8.125820E-2 -2.700466E-1
9.506844E-1 9.104479E-2 -2.664613E-1
9.673631E-1 9.939219E-2 -2.625585E-1
9.840418E-1 1.066097E-1 -2.590211E-1
1.000720E0 1.136681E-1 -2.558764E-1
1.017399E0 1.191917E-1 -2.531071E-1
1.034078E0 1.244579E-1 -2.512091E-1
1.050756E0 1.284922E-1 -2.493887E-1
1.067435E0 1.309291E-1 -2.482451E-1
1.084114E0 1.314523E-1 -2.479850E-1
1.100793E0 1.305767E-1 -2.483252E-1
1.117471E0 1.277528E-1 -2.495030E-1
1.134150E0 1.244948E-1 -2.510972E-1
1.150829E0 1.187998E-1 -2.505742E-1
1.167507E0 1.136605E-1 -2.530374E-1
1.184186E0 1.074366E-1 -2.558673E-1
1.200865E0 9.989039E-2 -2.586616E-1
1.217543E0 9.120190E-2 -2.621425E-1
1.234222E0 8.201515E-2 -2.648164E-1
1.250901E0 7.194272E-2 -2.682963E-1
1.267579E0 5.885347E-2 -2.720871E-1
1.284258E0 4.635846E-2 -2.747545E-1
1.300937E0 3.418730E-2 -2.762450E-1
1.317615E0 2.105209E-2 -2.774122E-1
1.334294E0 7.794199E-3 -2.782009E-1
1.350973E0 -5.676034E-3 -2.781564E-1
1.367651E0 -1.918530E-2 -2.777245E-1
1.384330E0 -3.258776E-2 -2.764860E-1
1.401009E0 -4.596115E-2 -2.745417E-1
1.417687E0 -5.837524E-2 -2.720600E-1
1.434366E0 -7.033831E-2 -2.694449E-1
1.451045E0 -8.119613E-2 -2.665687E-1
1.467723E0 -9.122102E-2 -2.633843E-1
1.484402E0 -1.006099E-1 -2.600345E-1
1.501081E0 -1.083487E-1 -2.569519E-1
1.517759E0 -1.151577E-1 -2.541260E-1
1.534438E0 -1.210503E-1 -2.516332E-1
1.551117E0 -1.259850E-1 -2.495873E-1
1.567795E0 -1.295331E-1 -2.482576E-1
1.584474E0 -1.315824E-1 -2.475465E-1
1.601153E0 -1.325384E-1 -2.473641E-1
1.617831E0 -1.319120E-1 -2.476554E-1
1.634510E0 -1.302785E-1 -2.486609E-1
1.651189E0 -1.273105E-1 -2.503618E-1
1.667867E0 -1.225175E-1 -2.528256E-1
1.684546E0 -1.163987E-1 -2.556909E-1
1.701225E0 -1.087954E-1 -2.587849E-1
1.717903E0 -1.008448E-1 -2.618459E-1
1.734582E0 -9.137186E-2 -2.651222E-1
1.751261E0 -8.104454E-2 -2.681742E-1
1.767939E0 -7.022525E-2 -2.709290E-1
1.784618E0 -5.850826E-2 -2.737117E-1
1.801297E0 -4.629724E-2 -2.758864E-1
1.817976E0 -3.344007E-2 -2.774689E-1
1.834654E0 -2.101965E-2 -2.785953E-1
1.851333E0 -8.129000E-3 -2.789967E-1
1.868012E0 4.758669E-3 -2.789684E-1
1.884690E0 1.772718E-2 -2.779505E-1
1.901369E0 3.022283E-2 -2.765311E-1
1.918048E0 4.196176E-2 -2.750607E-1
1.934726E0 5.307601E-2 -2.726314E-1
1.951405E0 6.382239E-2 -2.702408E-1
1.968084E0 7.362733E-2 -2.673024E-1
1.984762E0 8.252405E-2 -2.644110E-1
2.001441E0 9.070151E-2 -2.616350E-1
2.018120E0 9.784452E-2 -2.590902E-1
2.034798E0 1.038190E-1 -2.564624E-1
2.051477E0 1.088210E-1 -2.544368E-1
2.068156E0 1.128499E-1 -2.524919E-1
2.084834E0 1.155856E-1 -2.510680E-1
2.101513E0 1.172951E-1 -2.502518E-1
2.118192E0 1.178030E-1 -2.499509E-1
2.134870E0 1.171155E-1 -2.500438E-1
2.151549E0 1.154241E-1 -2.509817E-1
2.168228E0 1.126397E-1 -2.522683E-1
2.184906E0 1.085461E-1 -2.541405E-1
2.201585E0 1.037121E-1 -2.565547E-1
2.218264E0 9.749768E-2 -2.591018E-1
2.234942E0 9.022022E-2 -2.617123E-1
2.251621E0 8.222645E-2 -2.646338E-1
2.268300E0 7.331203E-2 -2.674959E-1
2.284978E0 6.348581E-2 -2.701558E-1
2.301657E0 5.286067E-2 -2.728198E-1
2.318336E0 4.160058E-2 -2.748147E-1
2.335014E0 3.013369E-2 -2.765262E-1
2.351693E0 1.772353E-2 -2.778090E-1
2.368372E0 5.378232E-3 -2.785734E-1
2.385050E0 -7.329288E-3 -2.788276E-1
2.401729E0 -1.971786E-2 -2.783544E-1
2.418408E0 -3.201212E-2 -2.774416E-1
2.435086E0 -4.357628E-2 -2.759127E-1
2.451765E0 -5.481070E-2 -2.739144E-1
2.468444E0 -6.540922E-2 -2.716959E-1
2.485122E0 -7.522505E-2 -2.693570E-1
2.501801E0 -8.437627E-2 -2.666070E-1
2.518480E0 -9.239128E-2 -2.641313E-1
2.535159E0 -9.942424E-2 -2.616388E-1
2.551837E0 -1.050855E-1 -2.595281E-1
2.568516E0 -1.095806E-1 -2.576744E-1
2.585195E0 -1.129483E-1 -2.563140E-1
2.601873E0 -1.151863E-1 -2.553111E-1
2.618552E0 -1.162318E-1 -2.548397E-1
2.635231E0 -1.159550E-1 -2.550135E-1
2.651909E0 -1.146438E-1 -2.555121E-1
2.668588E0 -1.120336E-1 -2.566397E-1
2.685267E0 -1.084247E-1 -2.580651E-1
2.701945E0 -1.036642E-1 -2.597438E-1
2.718624E0 -9.801930E-2 -2.619281E-1
2.735303E0 -9.133182E-2 -2.643356E-1
2.751981E0 -8.367233E-2 -2.667946E-1
2.768660E0 -7.516576E-2 -2.692038E-1
2.785339E0 -6.596986E-2 -2.716774E-1
2.802017E0 -5.604967E-2 -2.738086E-1
2.818696E0 -4.566439E-2 -2.755872E-1
2.835375E0 -3.484517E-2 -2.770879E-1
2.852053E0 -2.374383E-2 -2.782798E-1
2.868732E0 -1.260648E-2 -2.788982E-1
2.885411E0 -1.084782E-3 -2.790469E-1
2.902089E0 9.929798E-3 -2.787478E-1
2.918768E0 2.104640E-2 -2.777661E-1
2.935447E0 3.184663E-2 -2.766310E-1
2.952125E0 4.201127E-2 -2.752164E-1
2.968804E0 5.142702E-2 -2.734520E-1
2.985483E0 6.079517E-2 -2.711500E-1
3.002161E0 6.907538E-2 -2.688891E-1
3.018840E0 7.650658E-2 -2.665957E-1
3.035519E0 8.348630E-2 -2.642966E-1
3.052197E0 8.907012E-2 -2.624527E-1
3.068876E0 9.397584E-2 -2.606131E-1
3.085555E0 9.794710E-2 -2.591212E-1
3.102233E0 1.010290E-1 -2.576511E-1
3.118912E0 1.034208E-1 -2.567370E-1
3.135591E0 1.042505E-1 -2.564442E-1
3.152269E0 1.041921E-1 -2.564369E-1
3.168948E0 1.033721E-1 -2.565991E-1
3.185627E0 1.016033E-1 -2.574741E-1
3.202305E0 9.864233E-2 -2.584607E-1
3.218984E0 9.494306E-2 -2.598083E-1
3.235663E0 9.047578E-2 -2.616013E-1
3.252341E0 8.417172E-2 -2.637729E-1
3.269020E0 7.806750E-2 -2.655945E-1
3.285699E0 7.037878E-2 -2.679016E-1
3.302378E0 6.231826E-2 -2.700807E-1
3.319056E0 5.370605E-2 -2.720602E-1
3.335735E0 4.463302E-2 -2.739164E-1
3.352414E0 3.501420E-2 -2.752329E-1
3.369092E0 2.447100E-2 -2.764905E-1
3.385771E0 1.337505E-2 -2.775933E-1
3.402450E0 3.085451E-3 -2.779185E-1
3.419128E0 -7.698947E-3 -2.779477E-1
3.435807E0 -1.879131E-2 -2.775662E-1
3.452486E0 -2.954481E-2 -2.766321E-1
3.469164E0 -3.995167E-2 -2.753178E-1
3.485843E0 -4.989827E-2 -2.740019E-1
3.502522E0 -5.933599E-2 -2.723708E-1
3.519200E0 -6.790908E-2 -2.703135E-1
3.535879E0 -7.581385E-2 -2.683728E-1
3.552558E0 -8.272552E-2 -2.661682E-1
3.569236E0 -8.876307E-2 -2.643189E-1
3.585915E0 -9.389085E-2 -2.625347E-1
3.602594E0 -9.801514E-2 -2.611028E-1
3.619272E0 -1.010425E-1 -2.600130E-1
3.635951E0 -1.029474E-1 -2.594047E-1
3.652630E0 -1.037677E-1 -2.591533E-1
3.669308E0 -1.035325E-1 -2.592454E-1
3.685987E0 -1.023469E-1 -2.597082E-1
3.702666E0 -9.989919E-2 -2.606816E-1
3.719344E0 -9.666083E-2 -2.620049E-1
3.736023E0 -9.215887E-2 -2.634650E-1
3.752702E0 -8.674227E-2 -2.653461E-1
3.769380E0 -8.042177E-2 -2.673619E-1
3.786059E0 -7.336034E-2 -2.693215E-1
3.802738E0 -6.544051E-2 -2.713452E-1
3.819416E0 -5.691119E-2 -2.732663E-1
3.836095E0 -4.757535E-2 -2.750301E-1
3.852774E0 -3.799846E-2 -2.764350E-1
3.869452E0 -2.804020E-2 -2.774896E-1
3.886131E0 -1.808773E-2 -2.780633E-1
3.902810E0 -7.617807E-3 -2.785914E-1
3.919488E0 2.659596E-3 -2.784863E-1
3.936167E0 1.236192E-2 -2.780995E-1
3.952846E0 2.253297E-2 -2.773134E-1
3.969524E0 3.198538E-2 -2.759996E-1
3.986203E0 4.098911E-2 -2.749156E-1
4.002882E0 4.932372E-2 -2.734212E-1
4.019561E0 5.752163E-2 -2.717154E-1
4.036239E0 6.499199E-2 -2.696989E-1
4.052918E0 7.128191E-2 -2.679603E-1
4.069597E0 7.734740E-2 -2.660790E-1
4.086275E0 8.221655E-2 -2.644834E-1
4.102954E0 8.690376E-2 -2.628602E-1
4.119633E0 9.041814E-2 -2.615549E-1
4.136311E0 9.274144E-2 -2.606342E-1
4.152990E0 9.435771E-2 -2.598554E-1
4.169669E0 9.527306E-2 -2.595453E-1
4.186347E0 9.506192E-2 -2.593617E-1
4.203026E0 9.382596E-2 -2.597646E-1
4.219705E0 9.188304E-2 -2.605131E-1
4.236383E0 8.906658E-2 -2.614964E-1
4.253062E0 8.523692E-2 -2.625972E-1
4.269741E0 8.075110E-2 -2.641940E-1
4.286419E0 7.510680E-2 -2.658838E-1
4.303098E0 6.926639E-2 -2.677660E-1
4.319777E0 6.216825E-2 -2.694781E-1
4.336455E0 5.449997E-2 -2.713416E-1
4.353134E0 4.641087E-2 -2.730394E-1
4.369813E0 3.786888E-2 -2.745082E-1
4.386491E0 2.856629E-2 -2.756388E-1
4.403170E0 1.904300E-2 -2.766485E-1
4.419849E0 9.270175E-3 -2.771543E-1
4.436527E0 -6.836639E-4 -2.774438E-1
4.453206E0 -1.053646E-2 -2.775972E-1
4.469885E0 -2.032661E-2 -2.773376E-1
4.486563E0 -3.015950E-2 -2.763514E-1
4.503242E0 -3.943087E-2 -2.753145E-1
4.519921E0 -4.824487E-2 -2.741172E-1
4.536599E0 -5.639707E-2 -2.727242E-1
4.553278E0 -6.400201E-2 -2.712243E-1
4.569957E0 -7.095906E-2 -2.696607E-1
4.586635E0 -7.701921E-2 -2.679408E-1
4.603314E0 -8.212473E-2 -2.666207E-1
4.619993E0 -8.639333E-2 -2.653595E-1
4.636671E0 -8.986064E-2 -2.642312E-1
4.653350E0 -9.224349E-2 -2.634966E-1
4.670029E0 -9.356909E-2 -2.629281E-1
4.686707E0 -9.383079E-2 -2.628067E-1
4.703386E0 -9.325554E-2 -2.628786E-1
4.720065E0 -9.174647E-2 -2.635140E-1
4.736744E0 -8.898775E-2 -2.643101E-1
4.753422E0 -8.546294E-2 -2.654756E-1
4.770101E0 -8.096843E-2 -2.668109E-1
4.786780E0 -7.570589E-2 -2.682283E-1
4.803458E0 -6.946303E-2 -2.698184E-1
4.820137E0 -6.267154E-2 -2.716485E-1
4.836816E0 -5.502926E-2 -2.731594E-1
4.853494E0 -4.699798E-2 -2.744025E-1
4.870173E0 -3.839020E-2 -2.757033E-1
4.886852E0 -2.936983E-2 -2.767387E-1
4.903530E0 -2.029731E-2 -2.776403E-1
4.920209E0 -1.094669E-2 -2.780623E-1
4.936888E0 -1.631898E-3 -2.782026E-1
4.953566E0 7.448011E-3 -2.781087E-1
4.970245E0 1.674456E-2 -2.774695E-1
4.986924E0 2.549247E-2 -2.768227E-1
5.003602E0 3.405312E-2 -2.757187E-1
5.020281E0 4.207002E-2 -2.744916E-1
5.036960E0 4.981809E-2 -2.729855E-1
5.053638E0 5.689979E-2 -2.715467E-1
5.070317E0 6.318675E-2 -2.700095E-1
5.086996E0 6.900668E-2 -2.683059E-1
5.103674E0 7.406541E-2 -2.669147E-1
5.120353E0 7.822252E-2 -2.655301E-1
5.137032E0 8.176507E-2 -2.643390E-1
5.153710E0 8.415874E-2 -2.632953E-1
5.170389E0 8.613098E-2 -2.626056E-1
5.187068E0 8.692637E-2 -2.623595E-1
5.203746E0 8.705848E-2 -2.624590E-1
5.220425E0 8.646679E-2 -2.626952E-1
5.237104E0 8.479121E-2 -2.631492E-1
5.253782E0 8.245652E-2 -2.640568E-1
5.270461E0 7.939046E-2 -2.648095E-1
5.287140E0 7.536441E-2 -2.660549E-1
5.303818E0 7.069512E-2 -2.674711E-1
5.320497E0 6.520989E-2 -2.689042E-1
5.337176E0 5.929393E-2 -2.702776E-1
5.353854E0 5.271821E-2 -2.718135E-1
5.370533E0 4.545335E-2 -2.732141E-1
5.387212E0 3.754833E-2 -2.744208E-1
5.403890E0 2.931496E-2 -2.755069E-1
5.420569E0 2.089809E-2 -2.763889E-1
5.437248E0 1.193238E-2 -2.771048E-1
5.453927E0 3.215777E-3 -2.774737E-1
5.470605E0 -5.828137E-3 -2.775636E-1
5.487284E0 -1.474624E-2 -2.774672E-1
5.503963E0 -2.366713E-2 -2.770046E-1
5.520641E0 -3.224537E-2 -2.761926E-1
5.537320E0 -4.045789E-2 -2.752442E-1
5.553999E0 -4.825898E-2 -2.742255E-1
5.570677E0 -5.545412E-2 -2.729480E-1
5.587356E0 -6.216647E-2 -2.715293E-1
5.604035E0 -6.797313E-2 -2.702748E-1
5.620713E0 -7.322585E-2 -2.690014E-1
5.637392E0 -7.746673E-2 -2.677599E-1
5.654071E0 -8.095262E-2 -2.668283E-1
5.670749E0 -8.341342E-2 -2.660871E-1
5.687428E0 -8.518899E-2 -2.657146E-1
5.704107E0 -8.578668E-2 -2.656762E-1
5.720785E0 -8.563703E-2 -2.655855E-1
5.737464E0 -8.452751E-2 -2.659667E-1
5.754143E0 -8.245042E-2 -2.665906E-1
5.770821E0 -7.943237E-2 -2.675030E-1
5.787500E0 -7.580206E-2 -2.685112E-1
5.804179E0 -7.119621E-2 -2.698885E-1
5.820857E0 -6.582823E-2 -2.713200E-1
5.837536E0 -5.981315E-2 -2.726862E-1
5.854215E0 -5.323289E-2 -2.741168E-1
5.870893E0 -4.614968E-2 -2.753474E-1
5.887572E0 -3.839440E-2 -2.764435E-1
5.904251E0 -3.031271E-2 -2.772853E-1
5.920929E0 -2.205205E-2 -2.778944E-1
5.937608E0 -1.379176E-2 -2.783650E-1
5.954287E0 -5.107810E-3 -2.784753E-1
5.970965E0 3.367276E-3 -2.784737E-1
5.987644E0 1.153042E-2 -2.781396E-1
6.004323E0 1.994071E-2 -2.776146E-1
6.021001E0 2.783500E-2 -2.767395E-1
6.037680E0 3.552472E-2 -2.757986E-1
6.054359E0 4.251814E-2 -2.747036E-1
6.071037E0 4.911821E-2 -2.734518E-1
6.087716E0 5.524487E-2 -2.721424E-1
6.104395E0 6.082114E-2 -2.708093E-1
6.121073E0 6.590156E-2 -2.696228E-1
6.137752E0 6.995968E-2 -2.683146E-1
6.154431E0 7.343119E-2 -2.673152E-1
6.171110E0 7.587954E-2 -2.665565E-1
6.187788E0 7.798868E-2 -2.659290E-1
6.204467E0 7.927976E-2 -2.654664E-1
6.221146E0 7.961847E-2 -2.654219E-1
6.237824E0 7.926632E-2 -2.653475E-1
6.254503E0 7.801531E-2 -2.657778E-1
6.271182E0 7.649317E-2 -2.662221E-1
6.287860E0 7.388841E-2 -2.669362E-1
6.304539E0 7.022457E-2 -2.678594E-1
6.321218E0 6.649637E-2 -2.690683E-1
6.337896E0 6.152495E-2 -2.699994E-1
6.354575E0 5.622621E-2 -2.716320E-1
6.371254E0 5.018871E-2 -2.729414E-1
6.387932E0 4.351259E-2 -2.740002E-1
6.404611E0 3.689894E-2 -2.752025E-1
6.421290E0 2.924107E-2 -2.760783E-1
6.437968E0 2.141663E-2 -2.769658E-1
6.454647E0 1.332349E-2 -2.775920E-1
6.471326E0 5.489289E-3 -2.779416E-1
6.488004E0 -2.800935E-3 -2.779711E-1
6.504683E0 -1.109135E-2 -2.778537E-1
6.521362E0 -1.935499E-2 -2.775111E-1
6.538040E0 -2.731190E-2 -2.769540E-1
6.554719E0 -3.494708E-2 -2.762220E-1
6.571398E0 -4.221350E-2 -2.752194E-1
6.588076E0 -4.888630E-2 -2.741906E-1
6.604755E0 -5.504628E-2 -2.731883E-1
6.621434E0 -6.067457E-2 -2.719877E-1
6.638112E0 -6.549398E-2 -2.709941E-1
6.654791E0 -6.959899E-2 -2.700026E-1
6.671470E0 -7.304863E-2 -2.691967E-1
6.688148E0 -7.547105E-2 -2.687089E-1
6.704827E0 -7.728814E-2 -2.683249E-1
6.721506E0 -7.829550E-2 -2.680026E-1
6.738184E0 -7.837004E-2 -2.680127E-1
6.754863E0 -7.747153E-2 -2.681989E-1
6.771542E0 -7.590589E-2 -2.688137E-1
6.788220E0 -7.354560E-2 -2.694588E-1
6.804899E0 -7.025579E-2 -2.702961E-1
6.821578E0 -6.623121E-2 -2.712770E-1
6.838256E0 -6.150585E-2 -2.723889E-1
6.854935E0 -5.628375E-2 -2.734397E-1
6.871614E0 -5.037169E-2 -2.746589E-1
6.888293E0 -4.380502E-2 -2.755991E-1
6.904971E0 -3.707070E-2 -2.765838E-1
6.921650E0 -2.977540E-2 -2.773913E-1
6.938329E0 -2.225462E-2 -2.779409E-1
6.955007E0 -1.451532E-2 -2.783579E-1
6.971686E0 -6.576137E-3 -2.785954E-1
6.988365E0 1.305516E-3 -2.785639E-1
7.005043E0 8.854261E-3 -2.782222E-1
7.021722E0 1.660857E-2 -2.778904E-1
7.038401E0 2.400398E-2 -2.770758E-1
7.055079E0 3.096711E-2 -2.762142E-1
7.071758E0 3.760050E-2 -2.753111E-1
7.088437E0 4.380065E-2 -2.744176E-1
7.105115E0 4.976661E-2 -2.731412E-1
7.121794E0 5.496543E-2 -2.721278E-1
7.138473E0 5.946431E-2 -2.709559E-1
7.155151E0 6.349880E-2 -2.698610E-1
7.171830E0 6.715707E-2 -2.690586E-1
7.188509E0 6.974925E-2 -2.682170E-1
7.205187E0 7.174893E-2 -2.675364E-1
7.221866E0 7.292802E-2 -2.671602E-1
7.238545E0 7.368885E-2 -2.669691E-1
7.255223E0 7.362017E-2 -2.668429E-1
7.271902E0 7.268600E-2 -2.671538E-1
7.288581E0 7.123761E-2 -2.676084E-1
7.305259E0 6.876449E-2 -2.682177E-1
7.321938E0 6.587852E-2 -2.689448E-1
7.338617E0 6.226578E-2 -2.697521E-1
7.355295E0 5.789307E-2 -2.707618E-1
7.371974E0 5.326111E-2 -2.718145E-1
7.388653E0 4.776367E-2 -2.728482E-1
7.405331E0 4.200596E-2 -2.739163E-1
7.422010E0 3.546636E-2 -2.748143E-1
7.438689E0 2.875435E-2 -2.757230E-1
7.455367E0 2.164286E-2 -2.764221E-1
7.472046E0 1.419900E-2 -2.770749E-1
7.488725E0 6.805623E-3 -2.774589E-1
7.505403E0 -7.121850E-4 -2.777195E-1
7.522082E0 -8.191871E-3 -2.777473E-1
7.538761E0 -1.585069E-2 -2.775438E-1
7.555439E0 -2.312869E-2 -2.771506E-1
7.572118E0 -3.025064E-2 -2.764168E-1
7.588797E0 -3.701523E-2 -2.758480E-1
7.605476E0 -4.330232E-2 -2.748749E-1
7.622154E0 -4.919077E-2 -2.740416E-1
7.638833E0 -5.447607E-2 -2.732071E-1
7.655512E0 -5.912039E-2 -2.722519E-1
7.672190E0 -6.305908E-2 -2.713747E-1
7.688869E0 -6.650650E-2 -2.707688E-1
7.705548E0 -6.906660E-2 -2.702938E-1
7.722226E0 -7.093919E-2 -2.698033E-1
7.738905E0 -7.188492E-2 -2.695120E-1
7.755584E0 -7.221449E-2 -2.694918E-1
7.772262E0 -7.151820E-2 -2.696462E-1
7.788941E0 -7.029705E-2 -2.698942E-1
7.805620E0 -6.802202E-2 -2.706068E-1
7.822298E0 -6.521054E-2 -2.712592E-1
7.838977E0 -6.159316E-2 -2.721964E-1
7.855656E0 -5.699873E-2 -2.733001E-1
7.872334E0 -5.211358E-2 -2.743014E-1
7.889013E0 -4.676918E-2 -2.751510E-1
7.905692E0 -4.098721E-2 -2.760609E-1
7.922370E0 -3.475699E-2 -2.769800E-1
7.939049E0 -2.813654E-2 -2.776229E-1
7.955728E0 -2.130713E-2 -2.781749E-1
7.972406E0 -1.426543E-2 -2.787189E-1
7.989085E0 -7.104375E-3 -2.787485E-1
8.005764E0 2.103196E-4 -2.788695E-1
8.022442E0 7.290609E-3 -2.787416E-1
8.039121E0 1.439259E-2 -2.784231E-1
8.055800E0 2.119398E-2 -2.779623E-1
8.072478E0 2.790711E-2 -2.771803E-1
8.089157E0 3.405519E-2 -2.762792E-1
8.105836E0 3.989694E-2 -2.754888E-1
8.122514E0 4.531990E-2 -2.746176E-1
8.139193E0 5.014011E-2 -2.735591E-1
8.155872E0 5.420319E-2 -2.726969E-1
8.172550E0 5.811377E-2 -2.717190E-1
8.189229E0 6.129801E-2 -2.709218E-1
8.205908E0 6.386633E-2 -2.702734E-1
8.222586E0 6.568991E-2 -2.696466E-1
8.239265E0 6.680285E-2 -2.692634E-1
8.255944E0 6.756116E-2 -2.690944E-1
8.272622E0 6.751902E-2 -2.689344E-1
8.289301E0 6.677668E-2 -2.689825E-1
8.305980E0 6.525668E-2 -2.695091E-1
8.322659E0 6.292074E-2 -2.699881E-1
8.339337E0 6.006232E-2 -2.706285E-1
8.356016E0 5.674994E-2 -2.714594E-1
8.372695E0 5.288607E-2 -2.723838E-1
8.389373E0 4.837610E-2 -2.731612E-1
8.406052E0 4.314794E-2 -2.741138E-1
8.422731E0 3.772110E-2 -2.749573E-1
8.439409E0 3.188863E-2 -2.756556E-1
8.456088E0 2.557281E-2 -2.765004E-1
8.472767E0 1.893824E-2 -2.770251E-1
8.489445E0 1.213739E-2 -2.774682E-1
8.506124E0 5.421798E-3 -2.778260E-1
8.522803E0 -1.527441E-3 -2.779004E-1
8.539481E0 -8.383726E-3 -2.778155E-1
8.556160E0 -1.517469E-2 -2.776415E-1
8.572839E0 -2.186023E-2 -2.772563E-1
8.589517E0 -2.818447E-2 -2.765541E-1
8.606196E0 -3.446838E-2 -2.760682E-1
8.622875E0 -4.005071E-2 -2.752534E-1
8.639553E0 -4.543074E-2 -2.746224E-1
8.656232E0 -5.008895E-2 -2.738712E-1
8.672911E0 -5.443737E-2 -2.731372E-1
8.689589E0 -5.802066E-2 -2.723847E-1
8.706268E0 -6.104859E-2 -2.718373E-1
8.722947E0 -6.341605E-2 -2.712737E-1
8.739625E0 -6.492551E-2 -2.710055E-1
8.756304E0 -6.591769E-2 -2.708042E-1
8.772983E0 -6.615023E-2 -2.708191E-1
8.789661E0 -6.555690E-2 -2.709651E-1
8.806340E0 -6.444736E-2 -2.712467E-1
8.823019E0 -6.252453E-2 -2.718684E-1
8.839697E0 -5.990259E-2 -2.723663E-1
8.856376E0 -5.662969E-2 -2.729954E-1
8.873055E0 -5.284965E-2 -2.737662E-1
8.889733E0 -4.839108E-2 -2.744756E-1
8.906412E0 -4.334688E-2 -2.752705E-1
8.923091E0 -3.799468E-2 -2.757188E-1
8.939769E0 -3.229638E-2 -2.767439E-1
8.956448E0 -2.626299E-2 -2.772475E-1
8.973127E0 -1.989335E-2 -2.777231E-1
8.989805E0 -1.335969E-2 -2.779994E-1
9.006484E0 -6.795068E-3 -2.781366E-1
9.023163E0 -5.008008E-5 -2.782433E-1
9.039841E0 6.545020E-3 -2.781456E-1
9.056520E0 1.316457E-2 -2.778958E-1
9.073199E0 1.950135E-2 -2.773203E-1
9.089878E0 2.559457E-2 -2.768081E-1
9.106556E0 3.131891E-2 -2.760922E-1
9.123235E0 3.675871E-2 -2.753983E-1
9.139914E0 4.184401E-2 -2.746339E-1
9.156592E0 4.638197E-2 -2.738047E-1
9.173271E0 5.054141E-2 -2.730005E-1
9.189950E0 5.411880E-2 -2.721788E-1
9.206628E0 5.702344E-2 -2.715271E-1
9.223307E0 5.945154E-2 -2.708263E-1
9.239986E0 6.119460E-2 -2.704377E-1
9.256664E0 6.212566E-2 -2.700674E-1
9.273343E0 6.264464E-2 -2.699322E-1
9.290022E0 6.272810E-2 -2.699970E-1
9.306700E0 6.208597E-2 -2.701622E-1
9.323379E0 6.078208E-2 -2.703307E-1
9.340058E0 5.879037E-2 -2.707985E-1
9.356736E0 5.628870E-2 -2.713630E-1
9.373415E0 5.305364E-2 -2.720033E-1
9.390094E0 4.953752E-2 -2.728389E-1
9.406772E0 4.528798E-2 -2.736373E-1
9.423451E0 4.074670E-2 -2.743000E-1
9.440130E0 3.566065E-2 -2.751316E-1
9.456808E0 3.018773E-2 -2.757757E-1
9.473487E0 2.447641E-2 -2.762825E-1
9.490166E0 1.829262E-2 -2.768345E-1
9.506844E0 1.230269E-2 -2.773480E-1
9.523523E0 5.971819E-3 -2.775477E-1
9.540202E0 -4.039257E-4 -2.776838E-1
9.556880E0 -6.719833E-3 -2.777468E-1
9.573559E0 -1.311447E-2 -2.775222E-1
9.590238E0 -1.922976E-2 -2.773107E-1
9.606916E0 -2.521957E-2 -2.767964E-1
9.623595E0 -3.084115E-2 -2.764337E-1
9.640274E0 -3.627223E-2 -2.758019E-1
9.656952E0 -4.125657E-2 -2.751358E-1
9.673631E0 -4.570666E-2 -2.744947E-1
9.690310E0 -4.967728E-2 -2.738410E-1
9.706988E0 -5.299304E-2 -2.732759E-1
9.723667E0 -5.576156E-2 -2.728112E-1
9.740346E0 -5.800486E-2 -2.724954E-1
9.757024E0 -5.964642E-2 -2.721692E-1
9.773703E0 -6.055956E-2 -2.720876E-1
9.790382E0 -6.066335E-2 -2.721294E-1
9.807061E0 -6.018474E-2 -2.722336E-1
9.823739E0 -5.908439E-2 -2.723913E-1
9.840418E0 -5.749299E-2 -2.728820E-1
9.857097E0 -5.516938E-2 -2.734034E-1
9.873775E0 -5.221879E-2 -2.740060E-1
9.890454E0 -4.868730E-2 -2.747179E-1
9.907133E0 -4.466227E-2 -2.754171E-1
9.923811E0 -4.019037E-2 -2.762375E-1
9.940490E0 -3.531711E-2 -2.768206E-1
9.957169E0 -2.997737E-2 -2.774938E-1
9.973847E0 -2.435625E-2 -2.780363E-1
9.990526E0 -1.853872E-2 -2.784385E-1
1.000720E1 -1.254623E-2 -2.786225E-1
1.002388E1 -6.413696E-3 -2.786737E-1
1.004056E1 -1.607447E-4 -2.786196E-1
1.005724E1 5.998914E-3 -2.784533E-1
1.007392E1 1.194876E-2 -2.782626E-1
1.009060E1 1.808036E-2 -2.777501E-1
1.010728E1 2.387536E-2 -2.772468E-1
1.012396E1 2.929162E-2 -2.765911E-1
1.014063E1 3.441369E-2 -2.759539E-1
1.015731E1 3.893636E-2 -2.751320E-1
1.017399E1 4.318398E-2 -2.744062E-1
1.019067E1 4.699404E-2 -2.736175E-1
1.020735E1 5.025460E-2 -2.730098E-1
1.022403E1 5.292082E-2 -2.723034E-1
1.024071E1 5.521177E-2 -2.716801E-1
1.025738E1 5.685377E-2 -2.713047E-1
1.027406E1 5.803826E-2 -2.710156E-1
1.029074E1 5.845701E-2 -2.708552E-1
1.030742E1 5.832250E-2 -2.708388E-1
1.032410E1 5.757985E-2 -2.708968E-1
1.034078E1 5.642281E-2 -2.711470E-1
1.035746E1 5.450443E-2 -2.713655E-1
1.037414E1 5.215172E-2 -2.720022E-1
1.039081E1 4.926761E-2 -2.725527E-1
1.040749E1 4.581811E-2 -2.730655E-1
1.042417E1 4.193779E-2 -2.737176E-1
1.044085E1 3.758418E-2 -2.743034E-1
1.045753E1 3.298535E-2 -2.749985E-1
1.047421E1 2.784838E-2 -2.755499E-1
1.049089E1 2.258120E-2 -2.761644E-1
1.050756E1 1.701581E-2 -2.766099E-1
1.052424E1 1.140837E-2 -2.769217E-1
1.054092E1 5.497974E-3 -2.771881E-1
1.055760E1 -5.422171E-4 -2.772439E-1
1.057428E1 -6.449121E-3 -2.771591E-1
1.059096E1 -1.227644E-2 -2.770900E-1
1.060764E1 -1.804258E-2 -2.766943E-1
1.062432E1 -2.350839E-2 -2.768399E-1
1.064099E1 -2.865579E-2 -2.763514E-1
1.065767E1 -3.376110E-2 -2.757419E-1
1.067435E1 -3.833486E-2 -2.753153E-1
1.069103E1 -4.243990E-2 -2.749501E-1
1.070771E1 -4.611404E-2 -2.744006E-1
1.072439E1 -4.909964E-2 -2.739216E-1
1.074107E1 -5.187451E-2 -2.735134E-1
1.075774E1 -5.394236E-2 -2.731999E-1
1.077442E1 -5.552187E-2 -2.729103E-1
1.079110E1 -5.642786E-2 -2.728726E-1
1.080778E1 -5.656052E-2 -2.728800E-1
1.082446E1 -5.612648E-2 -2.729524E-1
1.084114E1 -5.510803E-2 -2.731016E-1
1.085782E1 -5.354682E-2 -2.734546E-1
1.087450E1 -5.131187E-2 -2.740210E-1
1.089117E1 -4.861273E-2 -2.744714E-1
1.090785E1 -4.535176E-2 -2.749884E-1
1.092453E1 -4.162119E-2 -2.756401E-1
1.094121E1 -3.752789E-2 -2.761903E-1
1.095789E1 -3.303431E-2 -2.767920E-1
1.097457E1 -2.804162E-2 -2.773104E-1
1.099125E1 -2.278813E-2 -2.776477E-1
1.100793E1 -1.744117E-2 -2.781110E-1
1.102460E1 -1.176498E-2 -2.784763E-1
1.104128E1 -6.090854E-3 -2.785482E-1
1.105796E1 -4.943676E-4 -2.784516E-1
1.107464E1 5.150499E-3 -2.783630E-1
1.109132E1 1.081989E-2 -2.782206E-1
1.110800E1 1.627967E-2 -2.778843E-1
1.112468E1 2.158428E-2 -2.774001E-1
1.114135E1 2.664356E-2 -2.769210E-1
1.115803E1 3.133899E-2 -2.763916E-1
1.117471E1 3.564921E-2 -2.757756E-1
1.119139E1 3.955262E-2 -2.750816E-1
1.120807E1 4.298091E-2 -2.743855E-1
1.122475E1 4.611139E-2 -2.738162E-1
1.124143E1 4.852047E-2 -2.731788E-1
1.125811E1 5.048684E-2 -2.727104E-1
1.127478E1 5.211191E-2 -2.724431E-1
1.129146E1 5.301524E-2 -2.721036E-1
1.130814E1 5.342229E-2 -2.720182E-1
1.132482E1 5.327491E-2 -2.720540E-1
1.134150E1 5.269647E-2 -2.722286E-1
1.135818E1 5.151444E-2 -2.723589E-1
1.137486E1 4.979449E-2 -2.725232E-1
1.139153E1 4.756596E-2 -2.729094E-1
1.140821E1 4.481655E-2 -2.734262E-1
1.142489E1 4.185135E-2 -2.738811E-1
1.144157E1 3.817135E-2 -2.743802E-1
1.145825E1 3.422148E-2 -2.749429E-1
1.147493E1 2.979947E-2 -2.755025E-1
1.149161E1 2.505177E-2 -2.760178E-1
1.150829E1 2.029118E-2 -2.765252E-1
1.152496E1 1.516483E-2 -2.768386E-1
1.154164E1 9.893320E-3 -2.772090E-1
1.155832E1 4.611973E-3 -2.772853E-1
1.157500E1 -8.383956E-4 -2.774038E-1
1.159168E1 -6.299568E-3 -2.775603E-1
1.160836E1 -1.173237E-2 -2.774755E-1
1.162504E1 -1.695535E-2 -2.773541E-1
1.164171E1 -2.217092E-2 -2.771062E-1
1.165839E1 -2.684176E-2 -2.766272E-1
1.167507E1 -3.134015E-2 -2.762442E-1
1.169175E1 -3.556686E-2 -2.758426E-1
1.170843E1 -3.942187E-2 -2.753273E-1
1.172511E1 -4.272165E-2 -2.750756E-1
1.174179E1 -4.543331E-2 -2.746166E-1
1.175847E1 -4.788796E-2 -2.741991E-1
1.177514E1 -4.969972E-2 -2.740277E-1
1.179182E1 -5.094524E-2 -2.739581E-1
1.180850E1 -5.157520E-2 -2.739134E-1
1.182518E1 -5.171152E-2 -2.738302E-1
1.184186E1 -5.132023E-2 -2.741042E-1
1.185854E1 -5.029866E-2 -2.741483E-1
1.187522E1 -4.871035E-2 -2.744725E-1
1.189189E1 -4.671240E-2 -2.749534E-1
1.190857E1 -4.413745E-2 -2.753650E-1
1.192525E1 -4.103724E-2 -2.757925E-1
1.194193E1 -3.759158E-2 -2.763520E-1
1.195861E1 -3.375333E-2 -2.768604E-1
1.197529E1 -2.941541E-2 -2.773014E-1
1.199197E1 -2.491552E-2 -2.776440E-1
1.200865E1 -2.006629E-2 -2.780597E-1
1.202532E1 -1.499151E-2 -2.784268E-1
1.204200E1 -9.856889E-3 -2.785279E-1
1.205868E1 -4.503065E-3 -2.786017E-1
1.207536E1 8.740781E-4 -2.785314E-1
1.209204E1 6.060774E-3 -2.784195E-1
1.210872E1 1.128048E-2 -2.782236E-1
1.212540E1 1.630771E-2 -2.778269E-1
1.214207E1 2.119817E-2 -2.776598E-1
1.215875E1 2.580753E-2 -2.770027E-1
1.217543E1 3.019620E-2 -2.766360E-1
1.219211E1 3.416733E-2 -2.759751E-1
1.220879E1 3.781032E-2 -2.752978E-1
1.222547E1 4.085387E-2 -2.747004E-1
1.224215E1 4.373206E-2 -2.743496E-1
1.225883E1 4.603487E-2 -2.737850E-1
1.227550E1 4.784848E-2 -2.733704E-1
1.229218E1 4.924431E-2 -2.730938E-1
1.230886E1 5.006804E-2 -2.728441E-1
1.232554E1 5.035731E-2 -2.727825E-1
1.234222E1 5.026734E-2 -2.727163E-1
1.235890E1 4.963605E-2 -2.728493E-1
1.237558E1 4.860755E-2 -2.730267E-1
1.239226E1 4.696232E-2 -2.732102E-1
1.240893E1 4.479146E-2 -2.735152E-1
1.242561E1 4.241647E-2 -2.739292E-1
1.244229E1 3.937928E-2 -2.742401E-1
1.245897E1 3.599465E-2 -2.746805E-1
1.247565E1 3.239554E-2 -2.753039E-1
1.249233E1 2.817976E-2 -2.757895E-1
1.250901E1 2.367721E-2 -2.761411E-1
1.252568E1 1.919360E-2 -2.765712E-1
1.254236E1 1.424026E-2 -2.767472E-1
1.255904E1 9.357874E-3 -2.771651E-1
1.257572E1 4.393849E-3 -2.772516E-1
1.259240E1 -6.438549E-4 -2.773514E-1
1.260908E1 -5.675439E-3 -2.772768E-1
1.262576E1 -1.062026E-2 -2.771355E-1
1.264244E1 -1.556289E-2 -2.769901E-1
1.265911E1 -2.031323E-2 -2.768630E-1
1.267579E1 -2.459648E-2 -2.766379E-1
1.269247E1 -2.874516E-2 -2.761525E-1
1.270915E1 -3.271497E-2 -2.758489E-1
1.272583E1 -3.628985E-2 -2.755108E-1
1.274251E1 -3.935235E-2 -2.752520E-1
1.275919E1 -4.193524E-2 -2.748413E-1
1.277586E1 -4.415004E-2 -2.746381E-1
1.279254E1 -4.577375E-2 -2.746846E-1
1.280922E1 -4.702044E-2 -2.746234E-1
1.282590E1 -4.753640E-2 -2.747271E-1
1.284258E1 -4.755651E-2 -2.747806E-1
1.285926E1 -4.714344E-2 -2.749377E-1
1.287594E1 -4.614649E-2 -2.750586E-1
1.289262E1 -4.461515E-2 -2.752094E-1
1.290929E1 -4.277430E-2 -2.755511E-1
1.292597E1 -4.030396E-2 -2.761066E-1
1.294265E1 -3.741558E-2 -2.764979E-1
1.295933E1 -3.405545E-2 -2.769416E-1
1.297601E1 -3.053822E-2 -2.774192E-1
1.299269E1 -2.637094E-2 -2.777747E-1
1.300937E1 -2.208872E-2 -2.780587E-1
1.302604E1 -1.755669E-2 -2.784518E-1
1.304272E1 -1.265843E-2 -2.786892E-1
1.305940E1 -7.910325E-3 -2.787751E-1
1.307608E1 -2.888159E-3 -2.789688E-1
1.309276E1 2.022499E-3 -2.790106E-1
1.310944E1 6.871055E-3 -2.789000E-1
1.312612E1 1.170544E-2 -2.787276E-1
1.314280E1 1.631155E-2 -2.782518E-1
1.315947E1 2.092611E-2 -2.779008E-1
1.317615E1 2.517207E-2 -2.774740E-1
1.319283E1 2.923151E-2 -2.769389E-1
1.320951E1 3.297854E-2 -2.764913E-1
1.322619E1 3.619717E-2 -2.760321E-1
1.324287E1 3.908410E-2 -2.755540E-1
1.325955E1 4.165240E-2 -2.750963E-1
1.327622E1 4.366816E-2 -2.747181E-1
1.329290E1 4.546561E-2 -2.744676E-1
1.330958E1 4.644779E-2 -2.740717E-1
1.332626E1 4.721641E-2 -2.739214E-1
1.334294E1 4.737848E-2 -2.737304E-1
1.335962E1 4.715291E-2 -2.736517E-1
1.337630E1 4.643597E-2 -2.736864E-1
1.339298E1 4.526129E-2 -2.738169E-1
1.340965E1 4.365551E-2 -2.739232E-1
1.342633E1 4.164856E-2 -2.742015E-1
1.344301E1 3.909924E-2 -2.746300E-1
1.345969E1 3.622864E-2 -2.749583E-1
1.347637E1 3.306483E-2 -2.754375E-1
1.349305E1 2.943162E-2 -2.758760E-1
1.350973E1 2.547409E-2 -2.762816E-1
1.352640E1 2.131322E-2 -2.767007E-1
1.354308E1 1.703733E-2 -2.770712E-1
1.355976E1 1.267952E-2 -2.772861E-1
1.357644E1 7.933845E-3 -2.774520E-1
1.359312E1 3.382366E-3 -2.777281E-1
1.360980E1 -1.396395E-3 -2.777610E-1
1.362648E1 -6.174366E-3 -2.777161E-1
1.364316E1 -1.072763E-2 -2.776474E-1
1.365983E1 -1.531479E-2 -2.775871E-1
1.367651E1 -1.951953E-2 -2.774595E-1
1.369319E1 -2.364308E-2 -2.772886E-1
1.370987E1 -2.739878E-2 -2.769713E-1
1.372655E1 -3.094507E-2 -2.765012E-1
1.374323E1 -3.406818E-2 -2.764582E-1
1.375991E1 -3.699440E-2 -2.761417E-1
1.377659E1 -3.944723E-2 -2.758589E-1
1.379326E1 -4.132072E-2 -2.755634E-1
1.380994E1 -4.283940E-2 -2.754230E-1
1.382662E1 -4.386851E-2 -2.754698E-1
1.384330E1 -4.430367E-2 -2.755496E-1
1.385998E1 -4.440807E-2 -2.755971E-1
1.387666E1 -4.397341E-2 -2.756684E-1
1.389334E1 -4.292549E-2 -2.758665E-1
1.391001E1 -4.142821E-2 -2.759565E-1
1.392669E1 -3.958403E-2 -2.763375E-1
1.394337E1 -3.732966E-2 -2.767418E-1
1.396005E1 -3.445363E-2 -2.771049E-1
1.397673E1 -3.141207E-2 -2.775481E-1
1.399341E1 -2.782714E-2 -2.778459E-1
1.401009E1 -2.410798E-2 -2.781927E-1
1.402677E1 -2.013023E-2 -2.783982E-1
1.404344E1 -1.581914E-2 -2.787863E-1
1.406012E1 -1.142913E-2 -2.791037E-1
1.407680E1 -6.971266E-3 -2.791553E-1
1.409348E1 -2.291950E-3 -2.790996E-1
1.411016E1 2.279229E-3 -2.791083E-1
1.412684E1 6.833576E-3 -2.789779E-1
1.414352E1 1.118450E-2 -2.788968E-1
1.416019E1 1.554111E-2 -2.786135E-1
1.417687E1 1.970132E-2 -2.781650E-1
1.419355E1 2.388886E-2 -2.778270E-1
1.421023E1 2.748102E-2 -2.774189E-1
1.422691E1 3.082754E-2 -2.771485E-1
1.424359E1 3.388478E-2 -2.765078E-1
1.426027E1 3.661978E-2 -2.761042E-1
1.427695E1 3.902847E-2 -2.757400E-1
1.429362E1 4.090552E-2 -2.753009E-1
1.431030E1 4.242490E-2 -2.749594E-1
1.432698E1 4.333613E-2 -2.747890E-1
1.434366E1 4.387175E-2 -2.746646E-1
1.436034E1 4.397459E-2 -2.747151E-1
1.437702E1 4.365816E-2 -2.747380E-1
1.439370E1 4.292047E-2 -2.748528E-1
1.441037E1 4.181844E-2 -2.750086E-1
1.442705E1 4.022860E-2 -2.751315E-1
1.444373E1 3.829857E-2 -2.752338E-1
1.446041E1 3.582508E-2 -2.755815E-1
1.447709E1 3.312301E-2 -2.759736E-1
1.449377E1 2.986579E-2 -2.761534E-1
1.451045E1 2.653815E-2 -2.764873E-1
1.452713E1 2.285730E-2 -2.766954E-1
1.454380E1 1.907581E-2 -2.771875E-1
1.456048E1 1.501522E-2 -2.774241E-1
1.457716E1 1.080508E-2 -2.777052E-1
1.459384E1 6.528325E-3 -2.779058E-1
1.461052E1 2.242057E-3 -2.779883E-1
1.462720E1 -2.181314E-3 -2.778998E-1
1.464388E1 -6.589962E-3 -2.778574E-1
1.466055E1 -1.080451E-2 -2.777944E-1
1.467723E1 -1.506470E-2 -2.776430E-1
1.469391E1 -1.908025E-2 -2.776122E-1
1.471059E1 -2.296656E-2 -2.774116E-1
1.472727E1 -2.642720E-2 -2.771866E-1
1.474395E1 -2.954609E-2 -2.769014E-1
1.476063E1 -3.242789E-2 -2.766333E-1
1.477731E1 -3.489528E-2 -2.763866E-1
1.479398E1 -3.710185E-2 -2.762100E-1
1.481066E1 -3.885560E-2 -2.761309E-1
1.482734E1 -4.029750E-2 -2.762021E-1
1.484402E1 -4.121156E-2 -2.761761E-1
1.486070E1 -4.161793E-2 -2.762364E-1
1.487738E1 -4.162712E-2 -2.762694E-1
1.489406E1 -4.113066E-2 -2.763491E-1
1.491073E1 -4.011246E-2 -2.764663E-1
1.492741E1 -3.865386E-2 -2.766814E-1
1.494409E1 -3.672845E-2 -2.770012E-1
1.496077E1 -3.443025E-2 -2.774318E-1
1.497745E1 -3.177287E-2 -2.777558E-1
1.499413E1 -2.885297E-2 -2.780535E-1
1.501081E1 -2.539057E-2 -2.784884E-1
1.502749E1 -2.179924E-2 -2.786975E-1
1.504416E1 -1.800266E-2 -2.788721E-1
1.506084E1 -1.395377E-2 -2.791402E-1
1.507752E1 -9.778695E-3 -2.792133E-1
1.509420E1 -5.532283E-3 -2.792801E-1
1.511088E1 -1.261918E-3 -2.792317E-1
1.512756E1 2.942196E-3 -2.791751E-1
1.514424E1 7.127963E-3 -2.789861E-1
1.516091E1 1.134730E-2 -2.788736E-1
1.517759E1 1.555000E-2 -2.787064E-1
1.519427E1 1.939680E-2 -2.782938E-1
1.521095E1 2.296884E-2 -2.778407E-1
1.522763E1 2.634232E-2 -2.774628E-1
1.524431E1 2.961338E-2 -2.770991E-1
1.526099E1 3.227250E-2 -2.766948E-1
1.527767E1 3.480727E-2 -2.763988E-1
1.529434E1 3.687844E-2 -2.760470E-1
1.531102E1 3.858974E-2 -2.758289E-1
1.532770E1 3.975548E-2 -2.755170E-1
1.534438E1 4.061641E-2 -2.754984E-1
1.536106E1 4.103482E-2 -2.752593E-1
1.537774E1 4.110995E-2 -2.751119E-1
1.539442E1 4.076756E-2 -2.750168E-1
1.541110E1 3.997314E-2 -2.750578E-1
1.542777E1 3.866442E-2 -2.750751E-1
1.544445E1 3.727357E-2 -2.751694E-1
1.546113E1 3.542377E-2 -2.752875E-1
1.547781E1 3.309044E-2 -2.756198E-1
1.549449E1 3.042284E-2 -2.758026E-1
1.551117E1 2.752618E-2 -2.761881E-1
1.552785E1 2.428298E-2 -2.762993E-1
1.554452E1 2.074734E-2 -2.769278E-1
1.556120E1 1.708829E-2 -2.771385E-1
1.557788E1 1.322668E-2 -2.771930E-1
1.559456E1 9.145138E-3 -2.775137E-1
1.561124E1 5.011099E-3 -2.777213E-1
1.562792E1 8.378252E-4 -2.778738E-1
1.564460E1 -3.296752E-3 -2.778364E-1
1.566128E1 -7.442099E-3 -2.777203E-1
1.567795E1 -1.149267E-2 -2.777265E-1
1.569463E1 -1.542112E-2 -2.775945E-1
1.571131E1 -1.891605E-2 -2.775706E-1
1.572799E1 -2.243681E-2 -2.774485E-1
1.574467E1 -2.553083E-2 -2.773332E-1
1.576135E1 -2.840811E-2 -2.769489E-1
1.577803E1 -3.095795E-2 -2.767786E-1
1.579470E1 -3.336293E-2 -2.767664E-1
1.581138E1 -3.518160E-2 -2.766458E-1
1.582806E1 -3.660369E-2 -2.763999E-1
1.584474E1 -3.779049E-2 -2.763142E-1
1.586142E1 -3.844763E-2 -2.762726E-1
1.587810E1 -3.877405E-2 -2.763066E-1
1.589478E1 -3.851093E-2 -2.763715E-1
1.591146E1 -3.777916E-2 -2.764978E-1
1.592813E1 -3.669932E-2 -2.765589E-1
1.594481E1 -3.531375E-2 -2.768394E-1
1.596149E1 -3.352153E-2 -2.771243E-1
1.597817E1 -3.132931E-2 -2.774562E-1
1.599485E1 -2.883839E-2 -2.776837E-1
1.601153E1 -2.596935E-2 -2.779736E-1
1.602821E1 -2.280769E-2 -2.780881E-1
1.604488E1 -1.952381E-2 -2.784733E-1
1.606156E1 -1.582375E-2 -2.786601E-1
1.607824E1 -1.213402E-2 -2.787659E-1
1.609492E1 -8.256805E-3 -2.789744E-1
1.611160E1 -4.305901E-3 -2.790600E-1
1.612828E1 -2.973083E-4 -2.790419E-1
1.614496E1 3.801112E-3 -2.790036E-1
1.616164E1 7.784539E-3 -2.789036E-1
1.617831E1 1.178253E-2 -2.788622E-1
1.619499E1 1.547880E-2 -2.785995E-1
1.621167E1 1.903266E-2 -2.781723E-1
1.622835E1 2.248648E-2 -2.779205E-1
1.624503E1 2.547875E-2 -2.775646E-1
1.626171E1 2.835075E-2 -2.771652E-1
1.627839E1 3.090938E-2 -2.768547E-1
1.629506E1 3.315593E-2 -2.764236E-1
1.631174E1 3.501553E-2 -2.762119E-1
1.632842E1 3.640420E-2 -2.760694E-1
1.634510E1 3.755443E-2 -2.758158E-1
1.636178E1 3.821894E-2 -2.756253E-1
1.637846E1 3.855953E-2 -2.755513E-1
1.639514E1 3.843197E-2 -2.755038E-1
1.641182E1 3.789520E-2 -2.755487E-1
1.642849E1 3.701061E-2 -2.756070E-1
1.644517E1 3.580821E-2 -2.757493E-1
1.646185E1 3.425714E-2 -2.758327E-1
1.647853E1 3.230398E-2 -2.759689E-1
1.649521E1 2.994578E-2 -2.760562E-1
1.651189E1 2.748050E-2 -2.764847E-1
1.652857E1 2.464246E-2 -2.766477E-1
1.654524E1 2.153064E-2 -2.768091E-1
1.656192E1 1.836428E-2 -2.771000E-1
1.657860E1 1.495648E-2 -2.772885E-1
1.659528E1 1.131995E-2 -2.773933E-1
1.661196E1 7.531762E-3 -2.776821E-1
1.662864E1 3.725020E-3 -2.777828E-1
1.664532E1 1.994342E-5 -2.778480E-1
1.666200E1 -3.919071E-3 -2.779005E-1
1.667867E1 -7.697591E-3 -2.777529E-1
1.669535E1 -1.142435E-2 -2.777763E-1
1.671203E1 -1.497808E-2 -2.776566E-1
1.672871E1 -1.844903E-2 -2.776184E-1
1.674539E1 -2.158737E-2 -2.774810E-1
1.676207E1 -2.439123E-2 -2.773852E-1
1.677875E1 -2.704871E-2 -2.772990E-1
1.679543E1 -2.936460E-2 -2.769926E-1
1.681210E1 -3.145004E-2 -2.768826E-1
1.682878E1 -3.323731E-2 -2.768384E-1
1.684546E1 -3.453084E-2 -2.768018E-1
1.686214E1 -3.541150E-2 -2.769055E-1
1.687882E1 -3.600404E-2 -2.768631E-1
1.689550E1 -3.606657E-2 -2.768971E-1
1.691218E1 -3.574299E-2 -2.770437E-1
1.692885E1 -3.503645E-2 -2.771393E-1
1.694553E1 -3.396653E-2 -2.772082E-1
1.696221E1 -3.256895E-2 -2.773923E-1
1.697889E1 -3.063145E-2 -2.777533E-1
1.699557E1 -2.845149E-2 -2.778342E-1
1.701225E1 -2.604381E-2 -2.781655E-1
1.702893E1 -2.333659E-2 -2.784204E-1
1.704561E1 -2.031714E-2 -2.787237E-1
1.706228E1 -1.720205E-2 -2.788702E-1
1.707896E1 -1.381205E-2 -2.790915E-1
1.709564E1 -1.028728E-2 -2.792390E-1
1.711232E1 -6.584394E-3 -2.796111E-1
1.712900E1 -2.784213E-3 -2.789703E-1
1.714568E1 1.017884E-3 -2.791184E-1
1.716236E1 4.778676E-3 -2.791864E-1
1.717903E1 8.426369E-3 -2.790476E-1
1.719571E1 1.197055E-2 -2.788159E-1
1.721239E1 1.546608E-2 -2.785901E-1
1.722907E1 1.875349E-2 -2.782613E-1
1.724575E1 2.193806E-2 -2.780111E-1
1.726243E1 2.476556E-2 -2.776779E-1
1.727911E1 2.728192E-2 -2.774007E-1
1.729579E1 2.959230E-2 -2.771650E-1
1.731246E1 3.151220E-2 -2.767662E-1
1.732914E1 3.309438E-2 -2.765734E-1
1.734582E1 3.432761E-2 -2.762451E-1
1.736250E1 3.524426E-2 -2.760058E-1
1.737918E1 3.590862E-2 -2.759376E-1
1.739586E1 3.622282E-2 -2.757902E-1
1.741254E1 3.606894E-2 -2.756357E-1
1.742921E1 3.555386E-2 -2.756722E-1
1.744589E1 3.464228E-2 -2.756619E-1
1.746257E1 3.353411E-2 -2.757617E-1
1.747925E1 3.202285E-2 -2.758025E-1
1.749593E1 3.014702E-2 -2.759032E-1
1.751261E1 2.789527E-2 -2.760960E-1
1.752929E1 2.541864E-2 -2.764367E-1
1.754597E1 2.269767E-2 -2.766548E-1
1.756264E1 1.969153E-2 -2.767558E-1
1.757932E1 1.667326E-2 -2.770497E-1
1.759600E1 1.333870E-2 -2.771686E-1
1.761268E1 1.002557E-2 -2.773403E-1
1.762936E1 6.482455E-3 -2.773833E-1
1.764604E1 2.952259E-3 -2.776447E-1
1.766272E1 -7.218132E-4 -2.777000E-1
1.767939E1 -4.260928E-3 -2.777040E-1
1.769607E1 -7.782605E-3 -2.777434E-1
1.771275E1 -1.112481E-2 -2.777230E-1
1.772943E1 -1.437203E-2 -2.776730E-1
1.774611E1 -1.747201E-2 -2.775861E-1
1.776279E1 -2.024194E-2 -2.775104E-1
1.777947E1 -2.293129E-2 -2.774760E-1
1.779615E1 -2.536677E-2 -2.774168E-1
1.781282E1 -2.748104E-2 -2.774146E-1
1.782950E1 -2.933275E-2 -2.773730E-1
1.784618E1 -3.094617E-2 -2.774364E-1
1.786286E1 -3.209853E-2 -2.775512E-1
1.787954E1 -3.286218E-2 -2.775241E-1
1.789622E1 -3.337653E-2 -2.776156E-1
1.791290E1 -3.345833E-2 -2.776417E-1
1.792957E1 -3.313747E-2 -2.777136E-1
1.794625E1 -3.231260E-2 -2.778111E-1
1.796293E1 -3.115437E-2 -2.778414E-1
1.797961E1 -2.966671E-2 -2.779966E-1
1.799629E1 -2.798451E-2 -2.781762E-1
1.801297E1 -2.585167E-2 -2.784900E-1
1.802965E1 -2.377420E-2 -2.788401E-1
1.804633E1 -2.111439E-2 -2.790040E-1
1.806300E1 -1.835800E-2 -2.791722E-1
1.807968E1 -1.529743E-2 -2.792851E-1
1.809636E1 -1.196898E-2 -2.793493E-1
1.811304E1 -8.588490E-3 -2.793458E-1
1.812972E1 -4.960485E-3 -2.793061E-1
1.814640E1 -1.502884E-3 -2.792604E-1
1.816308E1 2.017118E-3 -2.791566E-1
1.817976E1 5.566940E-3 -2.790577E-1
1.819643E1 8.889112E-3 -2.789549E-1
1.821311E1 1.212313E-2 -2.789174E-1
1.822979E1 1.541240E-2 -2.785627E-1
1.824647E1 1.848506E-2 -2.781057E-1
1.826315E1 2.116476E-2 -2.782005E-1
1.827983E1 2.382917E-2 -2.778220E-1
1.829651E1 2.618565E-2 -2.776198E-1
1.831318E1 2.826325E-2 -2.773606E-1
1.832986E1 2.983442E-2 -2.770273E-1
1.834654E1 3.129224E-2 -2.767905E-1
1.836322E1 3.246208E-2 -2.764917E-1
1.837990E1 3.339179E-2 -2.763069E-1
1.839658E1 3.378887E-2 -2.762755E-1
1.841326E1 3.377459E-2 -2.762415E-1
1.842994E1 3.352623E-2 -2.762498E-1
1.844661E1 3.290601E-2 -2.762575E-1
1.846329E1 3.196412E-2 -2.762779E-1
1.847997E1 3.073915E-2 -2.763940E-1
1.849665E1 2.920968E-2 -2.764368E-1
1.851333E1 2.746957E-2 -2.765596E-1
1.853001E1 2.522056E-2 -2.766016E-1
1.854669E1 2.277812E-2 -2.767900E-1
1.856336E1 2.012950E-2 -2.769859E-1
1.858004E1 1.745732E-2 -2.772044E-1
1.859672E1 1.458812E-2 -2.773426E-1
1.861340E1 1.136690E-2 -2.773806E-1
1.863008E1 8.157780E-3 -2.776437E-1
1.864676E1 4.850430E-3 -2.778407E-1
1.866344E1 1.559194E-3 -2.779029E-1
1.868012E1 -1.915936E-3 -2.778444E-1
1.869679E1 -5.180858E-3 -2.778437E-1
1.871347E1 -8.540430E-3 -2.777885E-1
1.873015E1 -1.156194E-2 -2.777782E-1
1.874683E1 -1.456501E-2 -2.776929E-1
1.876351E1 -1.737394E-2 -2.776032E-1
1.878019E1 -2.011192E-2 -2.775835E-1
1.879687E1 -2.257797E-2 -2.775421E-1
1.881354E1 -2.478907E-2 -2.774769E-1
1.883022E1 -2.670218E-2 -2.774920E-1
1.884690E1 -2.832409E-2 -2.774247E-1
1.886358E1 -2.957813E-2 -2.775118E-1
1.888026E1 -3.064259E-2 -2.775752E-1
1.889694E1 -3.115904E-2 -2.775868E-1
1.891362E1 -3.141143E-2 -2.776639E-1
1.893030E1 -3.139215E-2 -2.777046E-1
1.894697E1 -3.100222E-2 -2.777645E-1
1.896365E1 -3.011547E-2 -2.778828E-1
1.898033E1 -2.901077E-2 -2.779148E-1
1.899701E1 -2.753097E-2 -2.779635E-1
1.901369E1 -2.590230E-2 -2.781225E-1
1.903037E1 -2.380898E-2 -2.785812E-1
1.904705E1 -2.157878E-2 -2.786320E-1
1.906372E1 -1.892793E-2 -2.786330E-1
1.908040E1 -1.617032E-2 -2.788030E-1
1.909708E1 -1.313255E-2 -2.790335E-1
1.911376E1 -1.011449E-2 -2.791827E-1
1.913044E1 -6.965038E-3 -2.792224E-1
1.914712E1 -3.707925E-3 -2.791609E-1
1.916380E1 -5.114874E-4 -2.791764E-1
1.918048E1 2.823442E-3 -2.791048E-1
1.919715E1 5.978065E-3 -2.790103E-1
1.921383E1 9.142026E-3 -2.789453E-1
1.923051E1 1.212200E-2 -2.787751E-1
1.924719E1 1.506451E-2 -2.787537E-1
1.926387E1 1.788452E-2 -2.784881E-1
1.928055E1 2.043000E-2 -2.782374E-1
1.929723E1 2.286540E-2 -2.779587E-1
1.931390E1 2.493206E-2 -2.776818E-1
1.933058E1 2.685223E-2 -2.774540E-1
1.934726E1 2.841000E-2 -2.772681E-1
1.936394E1 2.968661E-2 -2.770383E-1
1.938062E1 3.052768E-2 -2.768118E-1
1.939730E1 3.125445E-2 -2.767034E-1
1.941398E1 3.162671E-2 -2.767460E-1
1.943066E1 3.159254E-2 -2.767905E-1
1.944733E1 3.124849E-2 -2.768030E-1
1.946401E1 3.060883E-2 -2.768583E-1
1.948069E1 2.968227E-2 -2.769592E-1
1.949737E1 2.836335E-2 -2.769812E-1
1.951405E1 2.692992E-2 -2.771075E-1
1.953073E1 2.503083E-2 -2.771309E-1
1.954741E1 2.302083E-2 -2.772228E-1
1.956409E1 2.085865E-2 -2.772834E-1
1.958076E1 1.836683E-2 -2.774813E-1
1.959744E1 1.572129E-2 -2.777379E-1
1.961412E1 1.298722E-2 -2.778817E-1
1.963080E1 1.004098E-2 -2.779426E-1
1.964748E1 7.108833E-3 -2.779274E-1
1.966416E1 4.136393E-3 -2.779515E-1
1.968084E1 8.928699E-4 -2.780176E-1
1.969751E1 -2.242706E-3 -2.779502E-1
1.971419E1 -5.279350E-3 -2.778841E-1
1.973087E1 -8.358003E-3 -2.778565E-1
1.974755E1 -1.129131E-2 -2.777661E-1
1.976423E1 -1.399720E-2 -2.777443E-1
1.978091E1 -1.659853E-2 -2.776932E-1
1.979759E1 -1.907442E-2 -2.777084E-1
1.981427E1 -2.136141E-2 -2.775958E-1
1.983094E1 -2.334134E-2 -2.775789E-1
1.984762E1 -2.504683E-2 -2.775153E-1
1.986430E1 -2.634743E-2 -2.774941E-1
1.988098E1 -2.743287E-2 -2.775519E-1
1.989766E1 -2.828667E-2 -2.775707E-1
1.991434E1 -2.878368E-2 -2.776175E-1
1.993102E1 -2.893163E-2 -2.776349E-1
1.994769E1 -2.880086E-2 -2.776715E-1
1.996437E1 -2.827978E-2 -2.777690E-1
1.998105E1 -2.737264E-2 -2.778426E-1
1.999773E1 -2.622635E-2 -2.779298E-1
2.001441E1 -2.476822E-2 -2.780266E-1
2.003109E1 -2.317724E-2 -2.782174E-1
2.004777E1 -2.126992E-2 -2.784514E-1
2.006445E1 -1.909264E-2 -2.785820E-1
2.008112E1 -1.668691E-2 -2.787357E-1
2.009780E1 -1.405001E-2 -2.788673E-1
2.011448E1 -1.123118E-2 -2.790227E-1
2.013116E1 -8.292006E-3 -2.791340E-1
2.014784E1 -5.375188E-3 -2.792169E-1
2.016452E1 -2.349294E-3 -2.791499E-1
2.018120E1 7.967870E-4 -2.791084E-1
2.019787E1 3.769436E-3 -2.790415E-1
2.021455E1 6.844326E-3 -2.789844E-1
2.023123E1 9.721467E-3 -2.789087E-1
2.024791E1 1.245966E-2 -2.788031E-1
2.026459E1 1.516544E-2 -2.786155E-1
2.028127E1 1.763466E-2 -2.783530E-1
2.029795E1 2.003637E-2 -2.782405E-1
2.031463E1 2.197330E-2 -2.780863E-1
2.033130E1 2.388945E-2 -2.777770E-1
2.034798E1 2.553148E-2 -2.776095E-1
2.036466E1 2.679398E-2 -2.773960E-1
2.038134E1 2.793626E-2 -2.773095E-1
2.039802E1 2.864943E-2 -2.770428E-1
2.041470E1 2.916751E-2 -2.769588E-1
2.043138E1 2.940209E-2 -2.769018E-1
2.044805E1 2.928790E-2 -2.769030E-1
2.046473E1 2.893782E-2 -2.769511E-1
2.048141E1 2.818520E-2 -2.769900E-1
2.049809E1 2.714809E-2 -2.769696E-1
2.051477E1 2.590720E-2 -2.770827E-1
2.053145E1 2.450259E-2 -2.771064E-1
2.054813E1 2.269541E-2 -2.772206E-1
2.056481E1 2.079197E-2 -2.772821E-1
2.058148E1 1.839456E-2 -2.773890E-1
2.059816E1 1.604595E-2 -2.775742E-1
2.061484E1 1.361304E-2 -2.777511E-1
2.063152E1 1.094633E-2 -2.778481E-1
2.064820E1 8.229858E-3 -2.779026E-1
2.066488E1 5.389154E-3 -2.779122E-1
2.068156E1 2.513175E-3 -2.779593E-1
2.069823E1 -2.613231E-4 -2.779100E-1
2.071491E1 -3.070649E-3 -2.778664E-1
2.073159E1 -5.884274E-3 -2.778414E-1
2.074827E1 -8.554275E-3 -2.778179E-1
2.076495E1 -1.123717E-2 -2.777897E-1
2.078163E1 -1.377324E-2 -2.777637E-1
2.079831E1 -1.625235E-2 -2.777339E-1
2.081499E1 -1.833433E-2 -2.777282E-1
2.083166E1 -2.052077E-2 -2.776314E-1
2.084834E1 -2.221258E-2 -2.776171E-1
2.086502E1 -2.370028E-2 -2.775898E-1
2.088170E1 -2.486050E-2 -2.776259E-1
2.089838E1 -2.589435E-2 -2.776595E-1
2.091506E1 -2.654696E-2 -2.776468E-1
2.093174E1 -2.692656E-2 -2.776674E-1
2.094841E1 -2.691775E-2 -2.777065E-1
2.096509E1 -2.663987E-2 -2.777888E-1
2.098177E1 -2.608318E-2 -2.778159E-1
2.099845E1 -2.523306E-2 -2.779068E-1
2.101513E1 -2.406375E-2 -2.779601E-1
2.103181E1 -2.267704E-2 -2.780450E-1
2.104849E1 -2.110140E-2 -2.782299E-1
2.106517E1 -1.923560E-2 -2.783871E-1
2.108184E1 -1.715132E-2 -2.785269E-1
2.109852E1 -1.474760E-2 -2.786236E-1
2.111520E1 -1.220631E-2 -2.786942E-1
2.113188E1 -9.639336E-3 -2.787056E-1
2.114856E1 -6.905967E-3 -2.786931E-1
2.116524E1 -4.163983E-3 -2.786291E-1
2.118192E1 -1.368970E-3 -2.785747E-1
2.119860E1 1.430516E-3 -2.784646E-1
2.121527E1 4.267788E-3 -2.783894E-1
2.123195E1 6.983474E-3 -2.783148E-1
2.124863E1 9.654173E-3 -2.782998E-1
2.126531E1 1.222506E-2 -2.781840E-1
2.128199E1 1.476286E-2 -2.781381E-1
2.129867E1 1.704786E-2 -2.780066E-1
2.131535E1 1.914269E-2 -2.776711E-1
2.133202E1 2.102495E-2 -2.775218E-1
2.134870E1 2.277985E-2 -2.773704E-1
2.136538E1 2.410682E-2 -2.772719E-1
2.138206E1 2.528911E-2 -2.769641E-1
2.139874E1 2.626232E-2 -2.768251E-1
2.141542E1 2.677257E-2 -2.768265E-1
2.143210E1 2.708256E-2 -2.767199E-1
2.144878E1 2.719820E-2 -2.767412E-1
2.146545E1 2.702075E-2 -2.767773E-1
2.148213E1 2.666172E-2 -2.768595E-1
2.149881E1 2.591711E-2 -2.768958E-1
2.151549E1 2.488502E-2 -2.769812E-1
2.153217E1 2.353760E-2 -2.770168E-1
2.154885E1 2.197100E-2 -2.771137E-1
2.156553E1 2.031764E-2 -2.771517E-1
2.158220E1 1.838405E-2 -2.772082E-1
2.159888E1 1.631513E-2 -2.772624E-1
2.161556E1 1.414344E-2 -2.773207E-1
2.163224E1 1.173669E-2 -2.772682E-1
2.164892E1 9.165921E-3 -2.773043E-1
2.166560E1 6.691654E-3 -2.773917E-1
2.168228E1 3.984884E-3 -2.775451E-1
2.169896E1 1.329967E-3 -2.777415E-1
2.171563E1 -1.399624E-3 -2.777573E-1
2.173231E1 -4.063999E-3 -2.777881E-1
2.174899E1 -6.822964E-3 -2.777700E-1
2.176567E1 -9.311058E-3 -2.777495E-1
2.178235E1 -1.168699E-2 -2.777609E-1
2.179903E1 -1.405086E-2 -2.776871E-1
2.181571E1 -1.615113E-2 -2.776686E-1
2.183238E1 -1.800164E-2 -2.776360E-1
2.184906E1 -1.968802E-2 -2.776721E-1
2.186574E1 -2.134127E-2 -2.776994E-1
2.188242E1 -2.270676E-2 -2.776389E-1
2.189910E1 -2.373526E-2 -2.776915E-1
2.191578E1 -2.440826E-2 -2.776849E-1
2.193246E1 -2.479369E-2 -2.776874E-1
2.194914E1 -2.506194E-2 -2.776863E-1
2.196581E1 -2.489135E-2 -2.778025E-1
2.198249E1 -2.457542E-2 -2.778017E-1
2.199917E1 -2.390677E-2 -2.778823E-1
2.201585E1 -2.306546E-2 -2.779184E-1
2.203253E1 -2.202653E-2 -2.779965E-1
2.204921E1 -2.061369E-2 -2.780110E-1
2.206589E1 -1.899640E-2 -2.780507E-1
2.208256E1 -1.709942E-2 -2.783893E-1
2.209924E1 -1.512447E-2 -2.782419E-1
2.211592E1 -1.287774E-2 -2.788114E-1
2.213260E1 -1.065776E-2 -2.788712E-1
2.214928E1 -8.238723E-3 -2.789358E-1
2.216596E1 -5.622761E-3 -2.790373E-1
2.218264E1 -2.882127E-3 -2.790365E-1
2.219932E1 -1.253848E-4 -2.790305E-1
2.221599E1 2.483973E-3 -2.790191E-1
2.223267E1 5.132211E-3 -2.789707E-1
2.224935E1 7.821399E-3 -2.788511E-1
2.226603E1 1.037177E-2 -2.788973E-1
2.228271E1 1.267772E-2 -2.787624E-1
2.229939E1 1.503655E-2 -2.786298E-1
2.231607E1 1.702352E-2 -2.783413E-1
2.233274E1 1.893243E-2 -2.781667E-1
2.234942E1 2.065928E-2 -2.781231E-1
2.236610E1 2.206148E-2 -2.779738E-1
2.238278E1 2.333439E-2 -2.777060E-1
2.239946E1 2.439185E-2 -2.775115E-1
2.241614E1 2.512505E-2 -2.774460E-1
2.243282E1 2.567105E-2 -2.774048E-1
2.244950E1 2.591413E-2 -2.774523E-1
2.246617E1 2.593126E-2 -2.775114E-1
2.248285E1 2.570682E-2 -2.774272E-1
2.249953E1 2.522571E-2 -2.774845E-1
2.251621E1 2.448710E-2 -2.775616E-1
2.253289E1 2.339194E-2 -2.776640E-1
2.254957E1 2.207008E-2 -2.776979E-1
2.256625E1 2.057033E-2 -2.777887E-1
2.258293E1 1.893058E-2 -2.777509E-1
2.259960E1 1.713756E-2 -2.778489E-1
2.261628E1 1.507619E-2 -2.779034E-1
2.263296E1 1.289686E-2 -2.778776E-1
2.264964E1 1.065782E-2 -2.780318E-1
2.266632E1 8.201913E-3 -2.779006E-1
2.268300E1 5.757291E-3 -2.779998E-1
2.269968E1 3.412460E-3 -2.780033E-1
2.271635E1 7.941267E-4 -2.779440E-1
2.273303E1 -1.849865E-3 -2.778931E-1
2.274971E1 -4.275043E-3 -2.778632E-1
2.276639E1 -6.655878E-3 -2.778414E-1
2.278307E1 -9.066822E-3 -2.778543E-1
2.279975E1 -1.132328E-2 -2.778044E-1
2.281643E1 -1.344274E-2 -2.777782E-1
2.283311E1 -1.527990E-2 -2.777198E-1
2.284978E1 -1.702269E-2 -2.777161E-1
2.286646E1 -1.860311E-2 -2.777181E-1
2.288314E1 -2.001368E-2 -2.776647E-1
2.289982E1 -2.113754E-2 -2.777032E-1
2.291650E1 -2.209832E-2 -2.777011E-1
2.293318E1 -2.268808E-2 -2.777271E-1
2.294986E1 -2.299316E-2 -2.777091E-1
2.296653E1 -2.303583E-2 -2.777333E-1
2.298321E1 -2.282783E-2 -2.778188E-1
2.299989E1 -2.246551E-2 -2.778262E-1
2.301657E1 -2.174778E-2 -2.779174E-1
2.303325E1 -2.091924E-2 -2.779344E-1
2.304993E1 -1.966138E-2 -2.779653E-1
2.306661E1 -1.837908E-2 -2.780224E-1
2.308329E1 -1.676189E-2 -2.780300E-1
2.309996E1 -1.492137E-2 -2.780180E-1
2.311664E1 -1.306924E-2 -2.780911E-1
2.313332E1 -1.089130E-2 -2.782330E-1
2.315000E1 -8.696794E-3 -2.784436E-1
2.316668E1 -6.407291E-3 -2.784498E-1
2.318336E1 -3.951654E-3 -2.784860E-1
2.320004E1 -1.491458E-3 -2.784165E-1
2.321671E1 9.577739E-4 -2.783972E-1
2.323339E1 3.540447E-3 -2.784147E-1
2.325007E1 5.958399E-3 -2.783196E-1
2.326675E1 8.377385E-3 -2.782460E-1
2.328343E1 1.049887E-2 -2.781893E-1
2.330011E1 1.264343E-2 -2.781276E-1
2.331679E1 1.470241E-2 -2.780537E-1
2.333347E1 1.672495E-2 -2.779087E-1
2.335014E1 1.847381E-2 -2.777450E-1
2.336682E1 1.994683E-2 -2.775544E-1
2.338350E1 2.126344E-2 -2.776174E-1
2.340018E1 2.237009E-2 -2.772141E-1
2.341686E1 2.326703E-2 -2.771080E-1
2.343354E1 2.391657E-2 -2.769700E-1
2.345022E1 2.418079E-2 -2.768627E-1
2.346689E1 2.418738E-2 -2.768724E-1
2.348357E1 2.410027E-2 -2.769064E-1
2.350025E1 2.377292E-2 -2.769075E-1
2.351693E1 2.312009E-2 -2.769382E-1
2.353361E1 2.232856E-2 -2.769521E-1
2.355029E1 2.130723E-2 -2.769849E-1
2.356697E1 1.999016E-2 -2.770376E-1
2.358365E1 1.853016E-2 -2.770647E-1
2.360032E1 1.690363E-2 -2.771090E-1
2.361700E1 1.514214E-2 -2.771957E-1
2.363368E1 1.315861E-2 -2.772219E-1
2.365036E1 1.109360E-2 -2.772537E-1
2.366704E1 8.824001E-3 -2.772475E-1
2.368372E1 6.607539E-3 -2.772663E-1
2.370040E1 4.354261E-3 -2.772246E-1
2.371707E1 2.009123E-3 -2.772201E-1
2.373375E1 -3.949237E-4 -2.772795E-1
2.375043E1 -2.670529E-3 -2.772245E-1
2.376711E1 -4.951678E-3 -2.772011E-1
2.378379E1 -7.173732E-3 -2.771954E-1
2.380047E1 -9.236135E-3 -2.770687E-1
2.381715E1 -1.122119E-2 -2.770542E-1
2.383383E1 -1.310990E-2 -2.770890E-1
2.385050E1 -1.488000E-2 -2.770746E-1
2.386718E1 -1.649444E-2 -2.770317E-1
2.388386E1 -1.787864E-2 -2.770366E-1
2.390054E1 -1.912120E-2 -2.770489E-1
2.391722E1 -2.017121E-2 -2.770302E-1
2.393390E1 -2.079958E-2 -2.770336E-1
2.395058E1 -2.130141E-2 -2.770563E-1
2.396726E1 -2.149639E-2 -2.770749E-1
2.398393E1 -2.146849E-2 -2.770868E-1
2.400061E1 -2.116294E-2 -2.772178E-1
2.401729E1 -2.082839E-2 -2.771863E-1
2.403397E1 -1.991986E-2 -2.772997E-1
2.405065E1 -1.898558E-2 -2.772991E-1
2.406733E1 -1.783596E-2 -2.773312E-1
2.408401E1 -1.653560E-2 -2.774316E-1
2.410068E1 -1.499136E-2 -2.776159E-1
2.411736E1 -1.332944E-2 -2.777894E-1
2.413404E1 -1.131125E-2 -2.778998E-1
2.415072E1 -9.287608E-3 -2.778499E-1
2.416740E1 -6.974362E-3 -2.779321E-1
2.418408E1 -4.721507E-3 -2.778846E-1
2.420076E1 -2.545580E-3 -2.778360E-1
2.421744E1 -2.045376E-4 -2.778699E-1
2.423411E1 2.031736E-3 -2.778201E-1
2.425079E1 4.362550E-3 -2.777354E-1
2.426747E1 6.766901E-3 -2.776568E-1
2.428415E1 8.925926E-3 -2.776080E-1
2.430083E1 1.095345E-2 -2.775222E-1
2.431751E1 1.296728E-2 -2.775044E-1
2.433419E1 1.479991E-2 -2.774187E-1
2.435086E1 1.660263E-2 -2.773538E-1
2.436754E1 1.804825E-2 -2.770882E-1
2.438422E1 1.930525E-2 -2.770267E-1
2.440090E1 2.045545E-2 -2.768284E-1
2.441758E1 2.138360E-2 -2.768889E-1
2.443426E1 2.198407E-2 -2.766290E-1
2.445094E1 2.251039E-2 -2.764926E-1
2.446762E1 2.271838E-2 -2.763392E-1
2.448429E1 2.267307E-2 -2.763477E-1
2.450097E1 2.250803E-2 -2.763462E-1
2.451765E1 2.217941E-2 -2.763571E-1
2.453433E1 2.154164E-2 -2.763277E-1
2.455101E1 2.082954E-2 -2.763327E-1
2.456769E1 1.980623E-2 -2.763480E-1
2.458437E1 1.849100E-2 -2.763900E-1
2.460104E1 1.703945E-2 -2.763915E-1
2.461772E1 1.552998E-2 -2.765057E-1
2.463440E1 1.380061E-2 -2.764981E-1
2.465108E1 1.185771E-2 -2.765218E-1
2.466776E1 9.844885E-3 -2.765494E-1
2.468444E1 7.747155E-3 -2.765887E-1
2.470112E1 5.689956E-3 -2.765769E-1
2.471780E1 3.350207E-3 -2.765294E-1
2.473447E1 1.091584E-3 -2.765795E-1
2.475115E1 -9.855164E-4 -2.765586E-1
2.476783E1 -3.208120E-3 -2.765622E-1
2.478451E1 -5.300785E-3 -2.765313E-1
2.480119E1 -7.541371E-3 -2.765153E-1
2.481787E1 -9.440197E-3 -2.764690E-1
2.483455E1 -1.143197E-2 -2.764586E-1
2.485122E1 -1.320298E-2 -2.764200E-1
2.486790E1 -1.471489E-2 -2.763696E-1
2.488458E1 -1.606969E-2 -2.763419E-1
2.490126E1 -1.720295E-2 -2.763707E-1
2.491794E1 -1.831842E-2 -2.763825E-1
2.493462E1 -1.917609E-2 -2.763902E-1
2.495130E1 -1.984080E-2 -2.764803E-1
2.496798E1 -2.018750E-2 -2.764592E-1
2.498465E1 -2.017914E-2 -2.764347E-1
2.500133E1 -2.007130E-2 -2.764676E-1
2.501801E1 -1.980533E-2 -2.765624E-1
2.503469E1 -1.915515E-2 -2.765354E-1
2.505137E1 -1.848631E-2 -2.765895E-1
2.506805E1 -1.739709E-2 -2.766060E-1
2.508473E1 -1.614484E-2 -2.765633E-1
2.510140E1 -1.467029E-2 -2.766651E-1
2.511808E1 -1.317596E-2 -2.767867E-1
2.513476E1 -1.154561E-2 -2.769263E-1
2.515144E1 -9.646344E-3 -2.770837E-1
2.516812E1 -7.706547E-3 -2.771222E-1
2.518480E1 -5.643933E-3 -2.771421E-1
2.520148E1 -3.525209E-3 -2.771453E-1
2.521816E1 -1.307321E-3 -2.771239E-1
2.523483E1 7.358007E-4 -2.771069E-1
2.525151E1 2.935438E-3 -2.770904E-1
2.526819E1 5.031163E-3 -2.770410E-1
2.528487E1 7.046704E-3 -2.769733E-1
2.530155E1 8.940025E-3 -2.769645E-1
2.531823E1 1.092849E-2 -2.768888E-1
2.533491E1 1.268830E-2 -2.768055E-1
2.535159E1 1.447789E-2 -2.767355E-1
2.536826E1 1.593574E-2 -2.766677E-1
2.538494E1 1.720388E-2 -2.764659E-1
2.540162E1 1.840965E-2 -2.762964E-1
2.541830E1 1.949028E-2 -2.762248E-1
2.543498E1 2.019821E-2 -2.761095E-1
2.545166E1 2.101529E-2 -2.761324E-1
2.546834E1 2.134064E-2 -2.760613E-1
2.548501E1 2.142083E-2 -2.759900E-1
2.550169E1 2.127276E-2 -2.758661E-1
2.551837E1 2.103626E-2 -2.758193E-1
2.553505E1 2.057284E-2 -2.757410E-1
2.555173E1 1.983535E-2 -2.757151E-1
2.556841E1 1.889383E-2 -2.756949E-1
2.558509E1 1.786854E-2 -2.757277E-1
2.560177E1 1.662040E-2 -2.757162E-1
2.561844E1 1.508614E-2 -2.757379E-1
2.563512E1 1.353161E-2 -2.758157E-1
2.565180E1 1.187948E-2 -2.758101E-1
2.566848E1 9.966771E-3 -2.758348E-1
2.568516E1 8.144526E-3 -2.758041E-1
2.570184E1 6.230717E-3 -2.759333E-1
2.571852E1 4.128724E-3 -2.758738E-1
2.573519E1 2.028024E-3 -2.758510E-1
2.575187E1 -1.892155E-5 -2.758600E-1
2.576855E1 -2.108312E-3 -2.759467E-1
2.578523E1 -4.134062E-3 -2.758281E-1
2.580191E1 -6.151778E-3 -2.758288E-1
2.581859E1 -8.071377E-3 -2.758010E-1
2.583527E1 -9.855258E-3 -2.757870E-1
2.585195E1 -1.152808E-2 -2.757099E-1
2.586862E1 -1.319585E-2 -2.757155E-1
2.588530E1 -1.453669E-2 -2.757187E-1
2.590198E1 -1.571967E-2 -2.757222E-1
2.591866E1 -1.686233E-2 -2.757464E-1
2.593534E1 -1.769796E-2 -2.757689E-1
2.595202E1 -1.839324E-2 -2.757429E-1
2.596870E1 -1.884033E-2 -2.757300E-1
2.598537E1 -1.901809E-2 -2.757667E-1
2.600205E1 -1.910032E-2 -2.757555E-1
2.601873E1 -1.898315E-2 -2.758817E-1
2.603541E1 -1.865184E-2 -2.758348E-1
2.605209E1 -1.793901E-2 -2.758754E-1
2.606877E1 -1.708841E-2 -2.759668E-1
2.608545E1 -1.609292E-2 -2.760466E-1
2.610213E1 -1.482475E-2 -2.762169E-1
2.611880E1 -1.336169E-2 -2.764335E-1
2.613548E1 -1.180189E-2 -2.764474E-1
2.615216E1 -1.021524E-2 -2.765396E-1
2.616884E1 -8.512084E-3 -2.765201E-1
2.618552E1 -6.544933E-3 -2.765462E-1
2.620220E1 -4.585090E-3 -2.765164E-1
2.621888E1 -2.615792E-3 -2.764946E-1
2.623555E1 -6.207288E-4 -2.764676E-1
2.625223E1 1.411572E-3 -2.764421E-1
2.626891E1 3.424568E-3 -2.764023E-1
2.628559E1 5.388484E-3 -2.763322E-1
2.630227E1 7.290834E-3 -2.763582E-1
2.631895E1 9.142410E-3 -2.762476E-1
2.633563E1 1.080706E-2 -2.762167E-1
2.635231E1 1.254884E-2 -2.761592E-1
2.636898E1 1.403134E-2 -2.760914E-1
2.638566E1 1.549491E-2 -2.761445E-1
2.640234E1 1.676560E-2 -2.761101E-1
2.641902E1 1.793581E-2 -2.760041E-1
2.643570E1 1.861989E-2 -2.760601E-1
2.645238E1 1.934652E-2 -2.760366E-1
2.646906E1 1.973370E-2 -2.760430E-1
2.648573E1 1.997688E-2 -2.760374E-1
2.650241E1 1.994197E-2 -2.760822E-1
2.651909E1 1.980609E-2 -2.761593E-1
2.653577E1 1.953073E-2 -2.762463E-1
2.655245E1 1.895855E-2 -2.762450E-1
2.656913E1 1.833771E-2 -2.762683E-1
2.658581E1 1.732405E-2 -2.762667E-1
2.660249E1 1.607320E-2 -2.763241E-1
2.661916E1 1.500093E-2 -2.763511E-1
2.663584E1 1.360466E-2 -2.763865E-1
2.665252E1 1.201886E-2 -2.746210E-1
