0.000000E0 1.215903E-1 -2.327607E-1
1.686571E-2 1.216498E-1 -2.330760E-1
3.373142E-2 1.196717E-1 -2.338158E-1
5.059713E-2 1.159028E-1 -2.348663E-1
6.746284E-2 1.103898E-1 -2.372580E-1
8.432855E-2 1.024309E-1 -2.402101E-1
1.011943E-1 9.425759E-2 -2.434067E-1
1.180600E-1 8.616899E-2 -2.463268E-1
1.349257E-1 7.887999E-2 -2.488343E-1
1.517914E-1 7.111957E-2 -2.505728E-1
1.686571E-1 6.450848E-2 -2.521993E-1
1.855228E-1 5.430878E-2 -2.530911E-1
2.023885E-1 4.957183E-2 -2.553127E-1
2.192542E-1 3.819666E-2 -2.560327E-1
2.361199E-1 2.884762E-2 -2.576636E-1
2.529856E-1 1.812743E-2 -2.583603E-1
2.698514E-1 6.963277E-3 -2.584018E-1
2.867171E-1 -2.378713E-3 -2.583517E-1
3.035828E-1 -1.419984E-2 -2.566832E-1
3.204485E-1 -2.499697E-2 -2.556915E-1
3.373142E-1 -3.648451E-2 -2.546222E-1
3.541799E-1 -4.944993E-2 -2.527216E-1
3.710456E-1 -6.048517E-2 -2.516792E-1
3.879113E-1 -7.079752E-2 -2.493622E-1
4.047770E-1 -7.959512E-2 -2.458647E-1
4.216427E-1 -8.588697E-2 -2.436746E-1
4.385084E-1 -9.233089E-2 -2.400949E-1
4.553742E-1 -9.711078E-2 -2.380126E-1
4.722399E-1 -1.025743E-1 -2.359961E-1
4.891056E-1 -1.070403E-1 -2.336823E-1
5.059713E-1 -1.100764E-1 -2.334895E-1
5.228370E-1 -1.110564E-1 -2.327501E-1
5.397027E-1 -1.112894E-1 -2.327684E-1
5.565684E-1 -1.112814E-1 -2.322468E-1
5.734341E-1 -1.100357E-1 -2.325459E-1
5.902998E-1 -1.089673E-1 -2.324288E-1
6.071655E-1 -1.077637E-1 -2.328733E-1
6.240313E-1 -1.068199E-1 -2.336396E-1
6.408970E-1 -1.057230E-1 -2.349504E-1
6.577627E-1 -1.034444E-1 -2.360568E-1
6.746284E-1 -9.945026E-2 -2.371290E-1
6.914941E-1 -9.462644E-2 -2.390539E-1
7.083598E-1 -8.828481E-2 -2.418125E-1
7.252255E-1 -8.145211E-2 -2.442151E-1
7.420912E-1 -7.530850E-2 -2.457786E-1
7.589569E-1 -6.791647E-2 -2.484028E-1
7.758226E-1 -5.932563E-2 -2.513581E-1
7.926883E-1 -4.963711E-2 -2.528153E-1
8.095541E-1 -3.792748E-2 -2.545954E-1
8.264198E-1 -2.557521E-2 -2.556727E-1
8.432855E-1 -1.250303E-2 -2.566840E-1
8.601512E-1 7.191148E-4 -2.576335E-1
8.770169E-1 1.121200E-2 -2.575524E-1
8.938826E-1 2.224994E-2 -2.575705E-1
9.107483E-1 3.289884E-2 -2.569048E-1
9.276140E-1 4.243454E-2 -2.552410E-1
9.444797E-1 4.927529E-2 -2.531066E-1
9.613454E-1 6.108997E-2 -2.516129E-1
9.782111E-1 6.646514E-2 -2.491696E-1
9.950769E-1 7.487799E-2 -2.480762E-1
1.011943E0 7.770401E-2 -2.468703E-1
1.028808E0 8.597190E-2 -2.459163E-1
1.045674E0 9.060941E-2 -2.445063E-1
1.062540E0 9.681601E-2 -2.423648E-1
1.079405E0 1.021965E-1 -2.400617E-1
1.096271E0 1.075450E-1 -2.374495E-1
1.113137E0 1.117961E-1 -2.354697E-1
1.130003E0 1.127029E-1 -2.342056E-1
1.146868E0 1.117874E-1 -2.340646E-1
1.163734E0 1.124851E-1 -2.341128E-1
1.180600E0 1.145979E-1 -2.345085E-1
1.197465E0 1.132518E-1 -2.353924E-1
1.214331E0 1.103666E-1 -2.366377E-1
1.231197E0 1.065872E-1 -2.385043E-1
1.248063E0 1.014703E-1 -2.404979E-1
1.264928E0 9.357007E-2 -2.434463E-1
1.281794E0 8.541439E-2 -2.465400E-1
1.298660E0 7.594215E-2 -2.496265E-1
1.315525E0 6.604607E-2 -2.522276E-1
1.332391E0 5.785462E-2 -2.536329E-1
1.349257E0 4.732299E-2 -2.545983E-1
1.366122E0 3.736708E-2 -2.553999E-1
1.382988E0 2.952885E-2 -2.569281E-1
1.399854E0 2.101106E-2 -2.585405E-1
1.416720E0 1.060652E-2 -2.591018E-1
1.433585E0 -8.399590E-4 -2.592989E-1
1.450451E0 -1.013925E-2 -2.592447E-1
1.467317E0 -1.802266E-2 -2.588585E-1
1.484182E0 -2.665243E-2 -2.580860E-1
1.501048E0 -3.643957E-2 -2.563660E-1
1.517914E0 -4.643389E-2 -2.545538E-1
1.534780E0 -5.681778E-2 -2.528019E-1
1.551645E0 -6.759538E-2 -2.501902E-1
1.568511E0 -7.697069E-2 -2.473742E-1
1.585377E0 -8.618065E-2 -2.440872E-1
1.602242E0 -9.199249E-2 -2.422673E-1
1.619108E0 -9.760985E-2 -2.402349E-1
1.635974E0 -1.015023E-1 -2.380497E-1
1.652840E0 -1.052773E-1 -2.361169E-1
1.669705E0 -1.085173E-1 -2.345101E-1
1.686571E0 -1.105906E-1 -2.338288E-1
1.703437E0 -1.120653E-1 -2.329947E-1
1.720302E0 -1.122866E-1 -2.331851E-1
1.737168E0 -1.111340E-1 -2.337033E-1
1.754034E0 -1.093841E-1 -2.345697E-1
1.770899E0 -1.065400E-1 -2.365979E-1
1.787765E0 -1.034076E-1 -2.381548E-1
1.804631E0 -1.011334E-1 -2.388404E-1
1.821497E0 -9.775572E-2 -2.404754E-1
1.838362E0 -9.374856E-2 -2.422536E-1
1.855228E0 -8.212880E-2 -2.464774E-1
1.872094E0 -7.575404E-2 -2.484297E-1
1.888959E0 -6.872372E-2 -2.500765E-1
1.905825E0 -5.988994E-2 -2.525847E-1
1.922691E0 -5.301373E-2 -2.536678E-1
1.939557E0 -4.384968E-2 -2.554171E-1
1.956422E0 -3.369747E-2 -2.569864E-1
1.973288E0 -2.183115E-2 -2.587321E-1
1.990154E0 -9.642568E-3 -2.596576E-1
2.007019E0 1.355148E-2 -2.602407E-1
2.023885E0 2.472060E-2 -2.599201E-1
2.040751E0 4.231387E-2 -2.577311E-1
2.057617E0 6.137690E-2 -2.545459E-1
2.074482E0 6.951485E-2 -2.523253E-1
2.091348E0 7.618220E-2 -2.505700E-1
2.108214E0 8.084039E-2 -2.482818E-1
2.125079E0 8.649268E-2 -2.464036E-1
2.141945E0 8.881226E-2 -2.450744E-1
2.158811E0 9.216510E-2 -2.433290E-1
2.175677E0 9.962880E-2 -2.407885E-1
2.192542E0 1.027478E-1 -2.399024E-1
2.209408E0 1.041894E-1 -2.392638E-1
2.226274E0 1.034979E-1 -2.392851E-1
2.243139E0 1.044932E-1 -2.399081E-1
2.260005E0 1.013962E-1 -2.409219E-1
2.276871E0 9.890909E-2 -2.424555E-1
2.293736E0 9.564491E-2 -2.440463E-1
2.310602E0 9.192328E-2 -2.455686E-1
2.327468E0 8.579608E-2 -2.474250E-1
2.344334E0 8.004388E-2 -2.496638E-1
2.361199E0 7.024866E-2 -2.515931E-1
2.378065E0 6.245333E-2 -2.536541E-1
2.394931E0 5.201142E-2 -2.554662E-1
2.411796E0 4.202707E-2 -2.568757E-1
2.428662E0 3.191877E-2 -2.578503E-1
2.445528E0 2.407839E-2 -2.592150E-1
2.462394E0 1.462367E-2 -2.599263E-1
2.479259E0 3.624851E-3 -2.600056E-1
2.496125E0 -4.935605E-3 -2.605826E-1
2.512991E0 -1.623253E-2 -2.597114E-1
2.529856E0 -2.466888E-2 -2.595567E-1
2.546722E0 -3.383759E-2 -2.586611E-1
2.563588E0 -4.181100E-2 -2.578137E-1
2.580454E0 -4.927979E-2 -2.568928E-1
2.597319E0 -5.686243E-2 -2.551492E-1
2.614185E0 -6.546171E-2 -2.525172E-1
2.631051E0 -7.378027E-2 -2.499053E-1
2.647916E0 -8.066593E-2 -2.474290E-1
2.664782E0 -8.848053E-2 -2.441932E-1
2.681648E0 -9.293185E-2 -2.421965E-1
2.698514E0 -9.937721E-2 -2.388537E-1
2.715379E0 -1.020806E-1 -2.380461E-1
2.732245E0 -1.057318E-1 -2.366005E-1
2.749111E0 -1.077079E-1 -2.353926E-1
2.765976E0 -1.095446E-1 -2.346722E-1
2.782842E0 -1.097820E-1 -2.347215E-1
2.799708E0 -1.096809E-1 -2.346865E-1
2.816573E0 -1.070029E-1 -2.362615E-1
2.833439E0 -1.037915E-1 -2.380347E-1
2.850305E0 -9.886654E-2 -2.405618E-1
2.867171E0 -9.362737E-2 -2.429736E-1
2.884036E0 -8.866724E-2 -2.447718E-1
2.900902E0 -8.404475E-2 -2.465480E-1
2.917768E0 -7.886708E-2 -2.482518E-1
2.934633E0 -7.326569E-2 -2.499101E-1
2.951499E0 -6.627470E-2 -2.516107E-1
2.968365E0 -5.946181E-2 -2.533363E-1
2.985231E0 -5.141548E-2 -2.551328E-1
3.002096E0 -4.402471E-2 -2.562831E-1
3.018962E0 -3.610560E-2 -2.569927E-1
3.035828E0 -2.699106E-2 -2.579531E-1
3.052693E0 -1.743037E-2 -2.589175E-1
3.069559E0 -6.526340E-3 -2.597153E-1
3.086425E0 3.667861E-3 -2.599134E-1
3.103291E0 1.617661E-2 -2.599850E-1
3.120156E0 2.718972E-2 -2.592915E-1
3.137022E0 3.795504E-2 -2.584073E-1
3.153888E0 4.668413E-2 -2.571281E-1
3.170753E0 5.637320E-2 -2.555070E-1
3.187619E0 6.513423E-2 -2.536669E-1
3.204485E0 7.280805E-2 -2.520282E-1
3.221351E0 8.038256E-2 -2.495922E-1
3.238216E0 8.668191E-2 -2.473746E-1
3.255082E0 9.131604E-2 -2.458109E-1
3.271948E0 9.416628E-2 -2.444935E-1
3.288813E0 9.689713E-2 -2.436121E-1
3.305679E0 9.789853E-2 -2.432206E-1
3.322545E0 9.973649E-2 -2.426789E-1
3.339410E0 9.984250E-2 -2.423816E-1
3.356276E0 1.017118E-1 -2.418869E-1
3.373142E0 1.018995E-1 -2.414042E-1
3.390008E0 1.028412E-1 -2.412322E-1
3.406873E0 1.015358E-1 -2.414074E-1
3.423739E0 9.964636E-2 -2.423182E-1
3.440605E0 9.703185E-2 -2.436037E-1
3.457470E0 9.318976E-2 -2.450942E-1
3.474336E0 8.880302E-2 -2.461348E-1
3.491202E0 8.418808E-2 -2.480342E-1
3.508068E0 7.743280E-2 -2.498314E-1
3.524933E0 6.886166E-2 -2.516082E-1
3.541799E0 6.067159E-2 -2.531781E-1
3.558665E0 5.101244E-2 -2.554219E-1
3.575530E0 3.987850E-2 -2.568765E-1
3.592396E0 2.942704E-2 -2.583930E-1
3.609262E0 1.888861E-2 -2.590566E-1
3.626128E0 8.304531E-3 -2.592648E-1
3.642993E0 -1.529335E-3 -2.590619E-1
3.659859E0 -1.186238E-2 -2.580740E-1
3.676725E0 -2.052684E-2 -2.580961E-1
3.693590E0 -2.994688E-2 -2.572271E-1
3.710456E0 -3.824986E-2 -2.562876E-1
3.727322E0 -4.647276E-2 -2.546645E-1
3.744187E0 -5.258968E-2 -2.536311E-1
3.761053E0 -5.882377E-2 -2.518027E-1
3.777919E0 -6.481861E-2 -2.500964E-1
3.794785E0 -7.087322E-2 -2.484794E-1
3.811650E0 -7.778735E-2 -2.457803E-1
3.828516E0 -8.412472E-2 -2.442502E-1
3.845382E0 -8.971541E-2 -2.423622E-1
3.862247E0 -9.453036E-2 -2.405491E-1
3.879113E0 -9.832813E-2 -2.390603E-1
3.895979E0 -1.012598E-1 -2.373178E-1
3.912845E0 -1.031091E-1 -2.365384E-1
3.929710E0 -1.045854E-1 -2.355378E-1
3.946576E0 -1.056711E-1 -2.349154E-1
3.963442E0 -1.056449E-1 -2.348993E-1
3.980307E0 -1.043437E-1 -2.353403E-1
3.997173E0 -1.012879E-1 -2.371875E-1
4.014039E0 -9.718750E-2 -2.390193E-1
4.030905E0 -9.221371E-2 -2.408012E-1
4.047770E0 -8.563809E-2 -2.433435E-1
4.064636E0 -7.951884E-2 -2.449448E-1
4.081502E0 -7.240987E-2 -2.477038E-1
4.098367E0 -6.600713E-2 -2.496540E-1
4.115233E0 -5.942526E-2 -2.508966E-1
4.132099E0 -5.301376E-2 -2.520131E-1
4.148965E0 -4.319221E-2 -2.545198E-1
4.165830E0 -3.526881E-2 -2.552838E-1
4.182696E0 -2.703686E-2 -2.562249E-1
4.199562E0 -1.856726E-2 -2.571014E-1
4.216427E0 -1.161274E-2 -2.575676E-1
4.233293E0 -2.290212E-3 -2.583338E-1
4.250159E0 6.629775E-3 -2.584900E-1
4.267024E0 1.514579E-2 -2.577203E-1
4.283890E0 2.564199E-2 -2.569215E-1
4.300756E0 3.727360E-2 -2.560443E-1
4.317622E0 4.699975E-2 -2.545395E-1
4.334487E0 5.655963E-2 -2.528219E-1
4.351353E0 6.478387E-2 -2.513637E-1
4.368219E0 7.294973E-2 -2.496710E-1
4.385084E0 7.851556E-2 -2.475913E-1
4.401950E0 8.478067E-2 -2.458326E-1
4.418816E0 9.138582E-2 -2.439181E-1
4.435682E0 9.539399E-2 -2.423846E-1
4.452547E0 9.881254E-2 -2.406600E-1
4.469413E0 9.896431E-2 -2.407093E-1
4.486279E0 9.866913E-2 -2.409095E-1
4.503144E0 9.810449E-2 -2.415926E-1
4.520010E0 9.706428E-2 -2.422793E-1
4.536876E0 9.406651E-2 -2.427483E-1
4.553742E0 9.264700E-2 -2.432769E-1
4.570607E0 9.020686E-2 -2.442156E-1
4.587473E0 8.772596E-2 -2.455595E-1
4.604339E0 8.323145E-2 -2.465258E-1
4.621204E0 7.855332E-2 -2.482563E-1
4.638070E0 7.346020E-2 -2.498277E-1
4.654936E0 6.809559E-2 -2.513586E-1
4.671802E0 5.914659E-2 -2.522518E-1
4.688667E0 5.503639E-2 -2.539174E-1
4.705533E0 4.688786E-2 -2.553757E-1
4.722399E0 3.559919E-2 -2.560973E-1
4.739264E0 2.604440E-2 -2.577952E-1
4.756130E0 1.453738E-2 -2.585225E-1
4.772996E0 4.352707E-3 -2.591913E-1
4.789861E0 -5.900184E-3 -2.591368E-1
4.806727E0 -1.636406E-2 -2.582212E-1
4.823593E0 -2.587189E-2 -2.573655E-1
4.840459E0 -3.573548E-2 -2.556205E-1
4.857324E0 -4.371362E-2 -2.544739E-1
4.874190E0 -5.233422E-2 -2.529095E-1
4.891056E0 -5.888767E-2 -2.518700E-1
4.907921E0 -6.545793E-2 -2.501035E-1
4.924787E0 -7.124415E-2 -2.484291E-1
4.941653E0 -7.433423E-2 -2.484485E-1
4.958519E0 -7.904909E-2 -2.467920E-1
4.975384E0 -8.371388E-2 -2.448904E-1
4.992250E0 -8.730851E-2 -2.441391E-1
5.009116E0 -9.188231E-2 -2.421870E-1
5.025981E0 -9.472820E-2 -2.415753E-1
5.042847E0 -9.718943E-2 -2.405740E-1
5.059713E0 -9.895429E-2 -2.397894E-1
5.076579E0 -1.002785E-1 -2.388866E-1
5.093444E0 -1.003951E-1 -2.389601E-1
5.110310E0 -1.002696E-1 -2.388616E-1
5.127176E0 -9.887243E-2 -2.398013E-1
5.144041E0 -9.699788E-2 -2.405246E-1
5.160907E0 -9.443051E-2 -2.414608E-1
5.177773E0 -9.026825E-2 -2.430588E-1
5.194639E0 -8.488095E-2 -2.451479E-1
5.211504E0 -7.793974E-2 -2.474971E-1
5.228370E0 -7.010820E-2 -2.502651E-1
5.245236E0 -6.282514E-2 -2.517668E-1
5.262101E0 -5.539118E-2 -2.535478E-1
5.278967E0 -4.641712E-2 -2.561325E-1
5.295833E0 -3.794993E-2 -2.577581E-1
5.312698E0 -2.993759E-2 -2.589624E-1
5.329564E0 -2.110892E-2 -2.596678E-1
5.346430E0 -1.155449E-2 -2.606288E-1
5.363296E0 -3.102197E-3 -2.607211E-1
5.380161E0 5.843488E-3 -2.607854E-1
5.397027E0 1.317449E-2 -2.600143E-1
5.413893E0 2.078820E-2 -2.594199E-1
5.430758E0 2.984802E-2 -2.585475E-1
5.447624E0 3.828996E-2 -2.578244E-1
5.464490E0 4.679973E-2 -2.563439E-1
5.481356E0 5.488424E-2 -2.547635E-1
5.498221E0 6.330721E-2 -2.530256E-1
5.515087E0 6.846188E-2 -2.516600E-1
5.531953E0 7.475599E-2 -2.498746E-1
5.548818E0 7.981386E-2 -2.482439E-1
5.565684E0 8.507695E-2 -2.466108E-1
5.582550E0 8.961485E-2 -2.456337E-1
5.599416E0 9.401942E-2 -2.447812E-1
5.616281E0 9.672808E-2 -2.440068E-1
5.633147E0 9.712342E-2 -2.434293E-1
5.650013E0 9.655235E-2 -2.434342E-1
5.666878E0 9.594336E-2 -2.440178E-1
5.683744E0 9.313951E-2 -2.449168E-1
5.700610E0 8.943166E-2 -2.457758E-1
5.717476E0 8.745783E-2 -2.464677E-1
5.734341E0 8.286241E-2 -2.475300E-1
5.751207E0 8.004104E-2 -2.489341E-1
5.768073E0 7.355369E-2 -2.500152E-1
5.784938E0 6.846111E-2 -2.516108E-1
5.801804E0 6.415472E-2 -2.529315E-1
5.818670E0 5.686792E-2 -2.546899E-1
5.835535E0 4.990448E-2 -2.561914E-1
5.852401E0 4.276376E-2 -2.578821E-1
5.869267E0 3.489382E-2 -2.586285E-1
5.886133E0 2.846946E-2 -2.601636E-1
5.902998E0 1.985805E-2 -2.609085E-1
5.919864E0 1.125506E-2 -2.616472E-1
5.936730E0 1.566959E-3 -2.616634E-1
5.953595E0 -9.715386E-3 -2.607370E-1
5.970461E0 -1.949041E-2 -2.597076E-1
5.987327E0 -3.626485E-2 -2.578636E-1
6.004193E0 -4.533756E-2 -2.560821E-1
6.021058E0 -5.363466E-2 -2.543467E-1
6.037924E0 -6.120704E-2 -2.525783E-1
6.054790E0 -6.804353E-2 -2.509711E-1
6.071655E0 -7.545315E-2 -2.484292E-1
6.088521E0 -7.982969E-2 -2.475748E-1
6.105387E0 -8.340779E-2 -2.467429E-1
6.122253E0 -8.622266E-2 -2.456484E-1
6.139118E0 -8.900921E-2 -2.449897E-1
6.155984E0 -9.142414E-2 -2.440440E-1
6.172850E0 -9.218381E-2 -2.439925E-1
6.189715E0 -9.431748E-2 -2.432308E-1
6.206581E0 -9.439457E-2 -2.430035E-1
6.223447E0 -9.445886E-2 -2.430242E-1
6.240312E0 -9.437914E-2 -2.430027E-1
6.257178E0 -9.392472E-2 -2.431276E-1
6.274044E0 -9.130407E-2 -2.439798E-1
6.290910E0 -8.854136E-2 -2.447442E-1
6.307775E0 -8.575235E-2 -2.457364E-1
6.324641E0 -8.263908E-2 -2.467926E-1
6.341507E0 -7.734679E-2 -2.482796E-1
6.358372E0 -7.299131E-2 -2.493141E-1
6.375238E0 -6.523553E-2 -2.516285E-1
6.392104E0 -5.702718E-2 -2.541791E-1
6.408970E0 -4.908640E-2 -2.561700E-1
6.425835E0 -4.019635E-2 -2.579031E-1
6.442701E0 -3.051229E-2 -2.595478E-1
6.459567E0 -2.218378E-2 -2.605310E-1
6.476432E0 -1.262377E-2 -2.614430E-1
6.493298E0 -3.887801E-3 -2.616194E-1
6.510164E0 5.520693E-3 -2.616522E-1
6.527030E0 1.328553E-2 -2.610988E-1
6.543895E0 2.147501E-2 -2.601893E-1
6.560761E0 2.928191E-2 -2.594946E-1
6.577627E0 3.671967E-2 -2.585809E-1
6.594492E0 4.387199E-2 -2.577829E-1
6.611358E0 5.007808E-2 -2.563489E-1
6.628224E0 5.650716E-2 -2.548057E-1
6.645090E0 6.400918E-2 -2.531289E-1
6.661955E0 7.024888E-2 -2.521199E-1
6.678821E0 7.685526E-2 -2.504235E-1
6.695687E0 8.186828E-2 -2.489834E-1
6.712552E0 8.600075E-2 -2.475280E-1
6.729418E0 9.084051E-2 -2.461492E-1
6.746284E0 9.270645E-2 -2.458259E-1
6.763149E0 9.509394E-2 -2.450385E-1
6.780015E0 9.705092E-2 -2.443091E-1
6.796881E0 9.720540E-2 -2.441576E-1
6.813747E0 9.698580E-2 -2.441976E-1
6.830612E0 9.478637E-2 -2.450114E-1
6.847478E0 9.162863E-2 -2.458638E-1
6.864344E0 8.741773E-2 -2.468532E-1
6.881209E0 8.184879E-2 -2.484709E-1
6.898075E0 7.611120E-2 -2.500129E-1
6.914941E0 7.043433E-2 -2.514604E-1
6.931807E0 6.456476E-2 -2.523585E-1
6.948672E0 5.833920E-2 -2.538144E-1
6.965538E0 5.161152E-2 -2.553237E-1
6.982404E0 4.420233E-2 -2.568840E-1
6.999269E0 3.536639E-2 -2.577913E-1
7.016135E0 2.810393E-2 -2.585843E-1
7.033001E0 2.146580E-2 -2.591967E-1
7.049867E0 1.465178E-2 -2.598833E-1
7.066732E0 6.720173E-3 -2.599609E-1
7.083598E0 -1.568862E-3 -2.598692E-1
7.100464E0 -1.010804E-2 -2.597366E-1
7.117329E0 -1.992977E-2 -2.588778E-1
7.134195E0 -2.926132E-2 -2.580128E-1
7.151061E0 -3.896797E-2 -2.563473E-1
7.167927E0 -4.761855E-2 -2.548150E-1
7.184792E0 -5.515263E-2 -2.530373E-1
7.201658E0 -6.210417E-2 -2.510669E-1
7.218524E0 -6.867045E-2 -2.492014E-1
7.235389E0 -7.473253E-2 -2.475345E-1
7.252255E0 -7.998540E-2 -2.459447E-1
7.269121E0 -8.731097E-2 -2.433926E-1
7.285986E0 -8.869778E-2 -2.429797E-1
7.302852E0 -9.008969E-2 -2.425053E-1
7.319718E0 -8.995747E-2 -2.424954E-1
7.336584E0 -8.972932E-2 -2.424675E-1
7.353449E0 -8.945192E-2 -2.423573E-1
7.370315E0 -8.627768E-2 -2.438913E-1
7.387181E0 -8.378665E-2 -2.447491E-1
7.404046E0 -7.740281E-2 -2.467212E-1
7.420912E0 -7.385678E-2 -2.476018E-1
7.437778E0 -7.020568E-2 -2.482775E-1
7.454644E0 -6.512630E-2 -2.503563E-1
7.471509E0 -5.930973E-2 -2.519393E-1
7.488375E0 -5.309366E-2 -2.528373E-1
7.505241E0 -4.482739E-2 -2.545491E-1
7.522106E0 -3.669350E-2 -2.556544E-1
7.538972E0 -2.763321E-2 -2.566100E-1
7.555838E0 -1.793534E-2 -2.573208E-1
7.572704E0 -8.000953E-3 -2.581583E-1
7.589569E0 6.171652E-4 -2.582281E-1
7.606435E0 9.515543E-3 -2.584026E-1
7.623301E0 1.965679E-2 -2.583053E-1
7.640166E0 2.762946E-2 -2.576296E-1
7.657032E0 3.680353E-2 -2.568961E-1
7.673898E0 4.346276E-2 -2.554652E-1
7.690764E0 5.082344E-2 -2.544390E-1
7.707629E0 5.516333E-2 -2.531898E-1
7.724495E0 6.068104E-2 -2.522370E-1
7.741361E0 6.557139E-2 -2.513153E-1
7.758226E0 6.988239E-2 -2.498132E-1
7.775092E0 7.347170E-2 -2.484364E-1
7.791958E0 7.926850E-2 -2.471287E-1
7.808823E0 8.211641E-2 -2.459849E-1
7.825689E0 8.563092E-2 -2.456133E-1
7.842555E0 8.730451E-2 -2.449092E-1
7.859421E0 8.393731E-2 -2.441684E-1
7.876286E0 8.886586E-2 -2.442050E-1
7.893152E0 8.990896E-2 -2.440711E-1
7.910018E0 8.987421E-2 -2.440969E-1
7.926883E0 8.762746E-2 -2.442221E-1
7.943749E0 8.547859E-2 -2.449550E-1
7.960615E0 8.240921E-2 -2.458367E-1
7.977481E0 7.777006E-2 -2.474396E-1
7.994346E0 7.057248E-2 -2.490728E-1
8.011212E0 6.582130E-2 -2.511973E-1
8.028078E0 5.669343E-2 -2.523102E-1
8.044943E0 5.096761E-2 -2.538757E-1
8.061809E0 4.422153E-2 -2.553652E-1
8.078675E0 3.585807E-2 -2.561766E-1
8.095541E0 2.737558E-2 -2.567699E-1
8.112406E0 1.910503E-2 -2.577475E-1
8.129272E0 1.158412E-2 -2.584701E-1
8.146138E0 3.227621E-3 -2.584819E-1
8.163003E0 -4.148291E-3 -2.584065E-1
8.179869E0 -1.062302E-2 -2.582103E-1
8.196735E0 -1.705919E-2 -2.580244E-1
8.213601E0 -2.498532E-2 -2.573017E-1
8.230466E0 -3.282091E-2 -2.561550E-1
8.247332E0 -4.050504E-2 -2.553124E-1
8.264198E0 -4.781928E-2 -2.542844E-1
8.281063E0 -5.561741E-2 -2.526950E-1
8.297929E0 -6.246188E-2 -2.511355E-1
8.314795E0 -6.867622E-2 -2.491811E-1
8.331660E0 -7.440098E-2 -2.474717E-1
8.348526E0 -7.897572E-2 -2.465279E-1
8.365392E0 -8.360907E-2 -2.448139E-1
8.382258E0 -8.707316E-2 -2.439555E-1
8.399123E0 -8.983461E-2 -2.431303E-1
8.415989E0 -9.160922E-2 -2.425911E-1
8.432855E0 -9.175051E-2 -2.425530E-1
8.449720E0 -9.131614E-2 -2.424249E-1
8.466586E0 -8.952948E-2 -2.431029E-1
8.483452E0 -8.740108E-2 -2.441488E-1
8.500318E0 -8.521047E-2 -2.447891E-1
8.517183E0 -8.288916E-2 -2.457267E-1
8.534049E0 -8.048505E-2 -2.466657E-1
8.550915E0 -7.640999E-2 -2.483594E-1
8.567780E0 -7.288486E-2 -2.491868E-1
8.584646E0 -6.771867E-2 -2.507845E-1
8.601512E0 -6.313964E-2 -2.519636E-1
8.618378E0 -5.715718E-2 -2.535068E-1
8.635243E0 -5.180558E-2 -2.546919E-1
8.652109E0 -4.472751E-2 -2.560559E-1
8.668975E0 -3.826649E-2 -2.570200E-1
8.685840E0 -3.076857E-2 -2.579064E-1
8.702706E0 -2.201345E-2 -2.587492E-1
8.719572E0 -1.292679E-2 -2.596106E-1
8.736437E0 -4.408347E-3 -2.598018E-1
8.753303E0 4.748844E-3 -2.599516E-1
8.770169E0 1.397084E-2 -2.599015E-1
8.787035E0 2.151382E-2 -2.593036E-1
8.803900E0 2.980055E-2 -2.587353E-1
8.820766E0 3.787263E-2 -2.578617E-1
8.837632E0 4.698095E-2 -2.568892E-1
8.854497E0 5.389505E-2 -2.554422E-1
8.871363E0 5.944083E-2 -2.540233E-1
8.888229E0 6.581803E-2 -2.528083E-1
8.905095E0 6.889706E-2 -2.521744E-1
8.921960E0 7.281992E-2 -2.513521E-1
8.938826E0 7.634070E-2 -2.504149E-1
8.955692E0 7.832442E-2 -2.493553E-1
8.972557E0 8.043911E-2 -2.484153E-1
8.989423E0 8.263929E-2 -2.476392E-1
9.006289E0 8.510801E-2 -2.472465E-1
9.023155E0 8.565055E-2 -2.470456E-1
9.040020E0 8.572247E-2 -2.471388E-1
9.056886E0 8.468797E-2 -2.474348E-1
9.073752E0 8.367593E-2 -2.479305E-1
9.090617E0 8.203106E-2 -2.488655E-1
9.107483E0 8.003049E-2 -2.496693E-1
9.124349E0 7.660727E-2 -2.507359E-1
9.141215E0 7.328313E-2 -2.521873E-1
9.158080E0 6.805195E-2 -2.529640E-1
9.174946E0 6.252459E-2 -2.545923E-1
9.191812E0 5.553047E-2 -2.562195E-1
9.208677E0 4.780239E-2 -2.576567E-1
9.225543E0 3.923917E-2 -2.588694E-1
9.242409E0 3.160597E-2 -2.592019E-1
9.259274E0 2.381759E-2 -2.599368E-1
9.276140E0 1.476408E-2 -2.602730E-1
9.293006E0 6.888317E-3 -2.607996E-1
9.309872E0 -1.648174E-3 -2.608028E-1
9.326737E0 -9.641131E-3 -2.606512E-1
9.343603E0 -1.861079E-2 -2.598495E-1
9.360469E0 -2.490458E-2 -2.597403E-1
9.377334E0 -3.226181E-2 -2.589165E-1
9.394200E0 -3.885790E-2 -2.580669E-1
9.411066E0 -4.402899E-2 -2.577340E-1
9.427932E0 -5.108146E-2 -2.561458E-1
9.444797E0 -5.671919E-2 -2.551107E-1
9.461663E0 -6.281127E-2 -2.534619E-1
9.478529E0 -6.862300E-2 -2.517834E-1
9.495394E0 -7.288486E-2 -2.507366E-1
9.512260E0 -7.760658E-2 -2.493887E-1
9.529126E0 -8.076806E-2 -2.481450E-1
9.545992E0 -8.440836E-2 -2.466432E-1
9.562857E0 -8.659722E-2 -2.458545E-1
9.579723E0 -8.844251E-2 -2.449934E-1
9.596589E0 -8.912535E-2 -2.447773E-1
9.613454E0 -8.906422E-2 -2.448143E-1
9.630320E0 -8.848977E-2 -2.451972E-1
9.647186E0 -8.627996E-2 -2.458794E-1
9.664052E0 -8.300008E-2 -2.473889E-1
9.680917E0 -8.023495E-2 -2.482454E-1
9.697783E0 -7.587731E-2 -2.502343E-1
9.714649E0 -7.079272E-2 -2.516859E-1
9.731514E0 -6.541782E-2 -2.533147E-1
9.748380E0 -6.111929E-2 -2.543010E-1
9.765246E0 -5.462593E-2 -2.560647E-1
9.782111E0 -4.933306E-2 -2.571603E-1
9.798977E0 -4.277312E-2 -2.577997E-1
9.815843E0 -3.622179E-2 -2.587107E-1
9.832709E0 -2.917865E-2 -2.597462E-1
9.849574E0 -2.164365E-2 -2.605741E-1
9.866440E0 -1.531700E-2 -2.606204E-1
9.883306E0 -8.150510E-3 -2.608028E-1
9.900171E0 -2.814647E-5 -2.609002E-1
9.917037E0 9.136453E-3 -2.609352E-1
9.933903E0 1.692453E-2 -2.602339E-1
9.950769E0 2.655215E-2 -2.599897E-1
9.967634E0 3.228323E-2 -2.587679E-1
9.984500E0 3.963349E-2 -2.579693E-1
1.000137E1 4.805015E-2 -2.570152E-1
1.001823E1 5.379615E-2 -2.556075E-1
1.003510E1 5.976855E-2 -2.540000E-1
1.005196E1 6.715244E-2 -2.528814E-1
1.006883E1 7.208958E-2 -2.521539E-1
1.008569E1 7.460987E-2 -2.508199E-1
1.010256E1 7.760525E-2 -2.499602E-1
1.011943E1 7.898496E-2 -2.492147E-1
1.013629E1 8.091744E-2 -2.489261E-1
1.015316E1 8.058888E-2 -2.484734E-1
1.017002E1 8.103615E-2 -2.482695E-1
1.018689E1 8.121585E-2 -2.482318E-1
1.020375E1 8.053356E-2 -2.483028E-1
1.022062E1 7.995496E-2 -2.488797E-1
1.023749E1 7.814052E-2 -2.495493E-1
1.025435E1 7.508959E-2 -2.505931E-1
1.027122E1 7.150575E-2 -2.514839E-1
1.028808E1 6.782540E-2 -2.523612E-1
1.030495E1 6.508471E-2 -2.530560E-1
1.032181E1 5.998038E-2 -2.539736E-1
1.033868E1 5.595297E-2 -2.553915E-1
1.035555E1 4.895440E-2 -2.562825E-1
1.037241E1 4.291570E-2 -2.577478E-1
1.038928E1 3.468394E-2 -2.585897E-1
1.040614E1 2.639332E-2 -2.593387E-1
1.042301E1 1.837120E-2 -2.600251E-1
1.043987E1 9.273890E-3 -2.601032E-1
1.045674E1 7.605790E-4 -2.600214E-1
1.047361E1 -7.056944E-3 -2.598091E-1
1.049047E1 -1.634724E-2 -2.589711E-1
1.050734E1 -2.344563E-2 -2.587546E-1
1.052420E1 -3.104997E-2 -2.578806E-1
1.054107E1 -3.829793E-2 -2.571528E-1
1.055793E1 -4.445170E-2 -2.560362E-1
1.057480E1 -4.980254E-2 -2.552926E-1
1.059167E1 -5.462443E-2 -2.543132E-1
1.060853E1 -5.907020E-2 -2.534720E-1
1.062540E1 -6.331078E-2 -2.524802E-1
1.064226E1 -6.806737E-2 -2.510912E-1
1.065913E1 -7.184524E-2 -2.501093E-1
1.067599E1 -7.508454E-2 -2.490713E-1
1.069286E1 -7.799336E-2 -2.480821E-1
1.070973E1 -8.045132E-2 -2.473362E-1
1.072659E1 -8.233385E-2 -2.466192E-1
1.074346E1 -8.384386E-2 -2.460176E-1
1.076032E1 -8.454556E-2 -2.457018E-1
1.077719E1 -8.476983E-2 -2.457400E-1
1.079405E1 -8.446778E-2 -2.457505E-1
1.081092E1 -8.277114E-2 -2.464255E-1
1.082779E1 -8.019498E-2 -2.475127E-1
1.084465E1 -7.648783E-2 -2.484704E-1
1.086152E1 -7.148685E-2 -2.499042E-1
1.087838E1 -6.658093E-2 -2.512256E-1
1.089525E1 -6.042798E-2 -2.526398E-1
1.091211E1 -5.404024E-2 -2.543966E-1
1.092898E1 -4.743885E-2 -2.559911E-1
1.094585E1 -4.092508E-2 -2.570836E-1
1.096271E1 -3.402536E-2 -2.579662E-1
1.097958E1 -2.678230E-2 -2.589129E-1
1.099644E1 -1.889673E-2 -2.596138E-1
1.101331E1 -1.209636E-2 -2.597649E-1
1.103017E1 -5.435555E-3 -2.598672E-1
1.104704E1 1.219800E-3 -2.599175E-1
1.106391E1 8.445565E-3 -2.599619E-1
1.108077E1 1.452717E-2 -2.592669E-1
1.109764E1 2.099837E-2 -2.586540E-1
1.111450E1 2.824740E-2 -2.577368E-1
1.113137E1 3.613160E-2 -2.570499E-1
1.114823E1 4.398160E-2 -2.560726E-1
1.116510E1 4.921795E-2 -2.547262E-1
1.118197E1 5.684471E-2 -2.538053E-1
1.119883E1 6.231369E-2 -2.524405E-1
1.121570E1 6.685917E-2 -2.514659E-1
1.123256E1 7.047635E-2 -2.499363E-1
1.124943E1 7.602597E-2 -2.488913E-1
1.126629E1 7.734405E-2 -2.475281E-1
1.128316E1 7.899265E-2 -2.467272E-1
1.130003E1 8.104527E-2 -2.466148E-1
1.131689E1 8.122118E-2 -2.466110E-1
1.133376E1 8.036238E-2 -2.468064E-1
1.135062E1 7.928717E-2 -2.473802E-1
1.136749E1 7.808192E-2 -2.480157E-1
1.138435E1 7.596309E-2 -2.488401E-1
1.140122E1 7.344767E-2 -2.496810E-1
1.141809E1 6.998557E-2 -2.504336E-1
1.143495E1 6.520219E-2 -2.514813E-1
1.145182E1 6.059536E-2 -2.522951E-1
1.146868E1 5.555024E-2 -2.530600E-1
1.148555E1 5.210158E-2 -2.545220E-1
1.150241E1 4.602335E-2 -2.554091E-1
1.151928E1 4.026284E-2 -2.562000E-1
1.153615E1 3.429343E-2 -2.570204E-1
1.155301E1 2.770961E-2 -2.577433E-1
1.156988E1 2.133654E-2 -2.584416E-1
1.158674E1 1.198395E-2 -2.585065E-1
1.160361E1 4.950342E-3 -2.591585E-1
1.162047E1 -3.357635E-3 -2.590987E-1
1.163734E1 -1.132884E-2 -2.588236E-1
1.165421E1 -1.981325E-2 -2.581088E-1
1.167107E1 -2.797878E-2 -2.571255E-1
1.168794E1 -3.558758E-2 -2.562993E-1
1.170480E1 -4.250509E-2 -2.554351E-1
1.172167E1 -4.900171E-2 -2.544344E-1
1.173853E1 -5.561144E-2 -2.528295E-1
1.175540E1 -6.044218E-2 -2.518345E-1
1.177227E1 -6.448537E-2 -2.509109E-1
1.178913E1 -6.793052E-2 -2.500381E-1
1.180600E1 -7.080638E-2 -2.494355E-1
1.182286E1 -7.363248E-2 -2.483122E-1
1.183973E1 -7.508602E-2 -2.484779E-1
1.185659E1 -7.744765E-2 -2.477422E-1
1.187346E1 -7.841967E-2 -2.475381E-1
1.189033E1 -7.917638E-2 -2.473830E-1
1.190719E1 -7.963955E-2 -2.472948E-1
1.192406E1 -7.964759E-2 -2.473480E-1
1.194092E1 -7.932929E-2 -2.475581E-1
1.195779E1 -7.863992E-2 -2.474783E-1
1.197465E1 -7.676064E-2 -2.483874E-1
1.199152E1 -7.527089E-2 -2.482940E-1
1.200839E1 -7.158570E-2 -2.499265E-1
1.202525E1 -6.762150E-2 -2.509495E-1
1.204212E1 -6.300746E-2 -2.518697E-1
1.205898E1 -5.682307E-2 -2.535803E-1
1.207585E1 -4.995059E-2 -2.551588E-1
1.209271E1 -4.356392E-2 -2.560241E-1
1.210958E1 -3.705643E-2 -2.570579E-1
1.212645E1 -2.983575E-2 -2.580946E-1
1.214331E1 -2.221371E-2 -2.589262E-1
1.216018E1 -1.432219E-2 -2.598228E-1
1.217704E1 -6.899235E-3 -2.597694E-1
1.219391E1 7.591491E-4 -2.600801E-1
1.221077E1 8.575494E-3 -2.600058E-1
1.222764E1 1.624142E-2 -2.599083E-1
1.224451E1 2.192691E-2 -2.592394E-1
1.226137E1 2.803828E-2 -2.585959E-1
1.227824E1 3.257849E-2 -2.577902E-1
1.229510E1 3.887298E-2 -2.569925E-1
1.231197E1 4.603164E-2 -2.561220E-1
1.232883E1 5.068912E-2 -2.546813E-1
1.234570E1 5.705303E-2 -2.537548E-1
1.236257E1 6.146414E-2 -2.524516E-1
1.237943E1 6.306558E-2 -2.515129E-1
1.239630E1 6.806546E-2 -2.506936E-1
1.241316E1 7.168938E-2 -2.498532E-1
1.243003E1 7.410094E-2 -2.489995E-1
1.244689E1 7.611722E-2 -2.482726E-1
1.246376E1 7.886275E-2 -2.481076E-1
1.248062E1 7.961826E-2 -2.480909E-1
1.249749E1 7.847856E-2 -2.482227E-1
1.251436E1 7.801789E-2 -2.487602E-1
1.253122E1 7.546478E-2 -2.496479E-1
1.254809E1 7.196696E-2 -2.505659E-1
1.256495E1 6.410421E-2 -2.521953E-1
1.258182E1 5.953596E-2 -2.530622E-1
1.259868E1 4.962971E-2 -2.553247E-1
1.261555E1 4.271934E-2 -2.561875E-1
1.263242E1 3.617070E-2 -2.570250E-1
1.264928E1 2.969583E-2 -2.577179E-1
1.266615E1 2.394874E-2 -2.585136E-1
1.268301E1 1.860394E-2 -2.591254E-1
1.269988E1 1.318461E-2 -2.598639E-1
1.271674E1 5.402903E-3 -2.598826E-1
1.273361E1 -1.891723E-3 -2.597843E-1
1.275048E1 -9.235803E-3 -2.598892E-1
1.276734E1 -1.749157E-2 -2.591015E-1
1.278421E1 -2.543765E-2 -2.581076E-1
1.280107E1 -3.183833E-2 -2.579341E-1
1.281794E1 -3.843916E-2 -2.570145E-1
1.283480E1 -4.592578E-2 -2.555300E-1
1.285167E1 -5.143122E-2 -2.544522E-1
1.286854E1 -5.794485E-2 -2.527160E-1
1.288540E1 -6.273967E-2 -2.516375E-1
1.290227E1 -6.702325E-2 -2.507901E-1
1.291913E1 -7.197903E-2 -2.491468E-1
1.293600E1 -7.385357E-2 -2.491450E-1
1.295286E1 -7.635697E-2 -2.484184E-1
1.296973E1 -7.723581E-2 -2.483451E-1
1.298660E1 -7.784298E-2 -2.481917E-1
1.300346E1 -7.818741E-2 -2.483154E-1
1.302033E1 -7.824619E-2 -2.483514E-1
1.303719E1 -7.809175E-2 -2.483657E-1
1.305406E1 -7.654656E-2 -2.491475E-1
1.307092E1 -7.471612E-2 -2.498319E-1
1.308779E1 -7.361311E-2 -2.498715E-1
1.310466E1 -7.072729E-2 -2.508846E-1
1.312152E1 -6.765034E-2 -2.517757E-1
1.313839E1 -6.410541E-2 -2.525743E-1
1.315525E1 -6.059559E-2 -2.533906E-1
1.317212E1 -5.638922E-2 -2.543196E-1
1.318898E1 -5.149993E-2 -2.552621E-1
1.320585E1 -4.591263E-2 -2.562653E-1
1.322272E1 -3.956298E-2 -2.570157E-1
1.323958E1 -3.243592E-2 -2.580975E-1
1.325645E1 -2.485449E-2 -2.589853E-1
1.327331E1 -1.685518E-2 -2.598858E-1
1.329018E1 -8.641498E-3 -2.604439E-1
1.330704E1 -1.387169E-3 -2.606089E-1
1.332391E1 6.490749E-3 -2.606375E-1
1.334078E1 1.462032E-2 -2.607036E-1
1.335764E1 2.131159E-2 -2.600356E-1
1.337451E1 2.804932E-2 -2.592854E-1
1.339137E1 3.448940E-2 -2.585658E-1
1.340824E1 3.909699E-2 -2.577464E-1
1.342510E1 4.437057E-2 -2.569518E-1
1.344197E1 4.997372E-2 -2.560323E-1
1.345884E1 5.471882E-2 -2.551919E-1
1.347570E1 5.780597E-2 -2.540148E-1
1.349257E1 6.258897E-2 -2.529853E-1
1.350943E1 6.616483E-2 -2.522010E-1
1.352630E1 6.940452E-2 -2.520336E-1
1.354316E1 7.177005E-2 -2.513685E-1
1.356003E1 7.329598E-2 -2.507559E-1
1.357690E1 7.501106E-2 -2.505573E-1
1.359376E1 7.583171E-2 -2.502372E-1
1.361063E1 7.587585E-2 -2.499962E-1
1.362749E1 7.573424E-2 -2.499745E-1
1.364436E1 7.554365E-2 -2.504667E-1
1.366122E1 7.399191E-2 -2.512243E-1
1.367809E1 7.046213E-2 -2.521897E-1
1.369496E1 6.643109E-2 -2.525266E-1
1.371182E1 6.208133E-2 -2.537485E-1
1.372869E1 5.572147E-2 -2.548166E-1
1.374555E1 5.082156E-2 -2.560459E-1
1.376242E1 4.478549E-2 -2.569420E-1
1.377928E1 3.830015E-2 -2.579202E-1
1.379615E1 3.188744E-2 -2.584715E-1
1.381302E1 2.528099E-2 -2.590760E-1
1.382988E1 1.729352E-2 -2.593938E-1
1.384675E1 1.163541E-2 -2.600911E-1
1.386361E1 4.237884E-3 -2.601700E-1
1.388048E1 -2.497838E-3 -2.600542E-1
1.389734E1 -8.703951E-3 -2.598380E-1
1.391421E1 -1.467089E-2 -2.597546E-1
1.393108E1 -2.032505E-2 -2.596203E-1
1.394794E1 -2.759698E-2 -2.589288E-1
1.396481E1 -3.404831E-2 -2.580029E-1
1.398167E1 -4.048425E-2 -2.570020E-1
1.399854E1 -4.627204E-2 -2.559971E-1
1.401540E1 -5.163303E-2 -2.551341E-1
1.403227E1 -5.739585E-2 -2.536209E-1
1.404914E1 -6.300919E-2 -2.518977E-1
1.406600E1 -6.697931E-2 -2.509001E-1
1.408287E1 -7.066358E-2 -2.500498E-1
1.409973E1 -7.386178E-2 -2.491810E-1
1.411660E1 -7.629438E-2 -2.484027E-1
1.413346E1 -7.716774E-2 -2.483058E-1
1.415033E1 -7.753035E-2 -2.483518E-1
1.416720E1 -7.726707E-2 -2.483718E-1
1.418406E1 -7.688598E-2 -2.482588E-1
1.420093E1 -7.487101E-2 -2.492540E-1
1.421779E1 -7.277331E-2 -2.498541E-1
1.423466E1 -7.011589E-2 -2.507925E-1
1.425152E1 -6.717565E-2 -2.516456E-1
1.426839E1 -6.404389E-2 -2.525426E-1
1.428526E1 -6.040200E-2 -2.533775E-1
1.430212E1 -5.637995E-2 -2.543636E-1
1.431899E1 -5.207671E-2 -2.551796E-1
1.433585E1 -4.757352E-2 -2.562164E-1
1.435272E1 -4.267730E-2 -2.569204E-1
1.436958E1 -3.708811E-2 -2.577134E-1
1.438645E1 -3.227438E-2 -2.580939E-1
1.440332E1 -2.539204E-2 -2.587241E-1
1.442018E1 -1.814193E-2 -2.595794E-1
1.443705E1 -1.120302E-2 -2.597264E-1
1.445391E1 -3.911498E-3 -2.599563E-1
1.447078E1 3.809406E-3 -2.598925E-1
1.448764E1 1.176254E-2 -2.600026E-1
1.450451E1 1.843144E-2 -2.593481E-1
1.452138E1 2.471961E-2 -2.586187E-1
1.453824E1 3.060093E-2 -2.577331E-1
1.455511E1 3.750665E-2 -2.570516E-1
1.457197E1 4.466675E-2 -2.561597E-1
1.458884E1 5.049056E-2 -2.553176E-1
1.460570E1 5.512131E-2 -2.544806E-1
1.462257E1 5.913143E-2 -2.536329E-1
1.463944E1 6.231782E-2 -2.528646E-1
1.465630E1 6.428154E-2 -2.522895E-1
1.467317E1 6.653071E-2 -2.520933E-1
1.469003E1 6.846585E-2 -2.514179E-1
1.470690E1 6.942157E-2 -2.507334E-1
1.472376E1 7.140279E-2 -2.505292E-1
1.474063E1 7.193502E-2 -2.504234E-1
1.475750E1 7.190724E-2 -2.504699E-1
1.477436E1 7.174779E-2 -2.505842E-1
1.479123E1 6.990830E-2 -2.507728E-1
1.480809E1 6.927624E-2 -2.513614E-1
1.482496E1 6.779621E-2 -2.520346E-1
1.484182E1 6.345555E-2 -2.523382E-1
1.485869E1 6.190952E-2 -2.529280E-1
1.487556E1 5.708614E-2 -2.538832E-1
1.489242E1 5.057296E-2 -2.547261E-1
1.490929E1 4.631583E-2 -2.560877E-1
1.492615E1 3.895039E-2 -2.569638E-1
1.494302E1 3.206488E-2 -2.577728E-1
1.495988E1 2.611797E-2 -2.584808E-1
1.497675E1 1.780724E-2 -2.585544E-1
1.499362E1 1.194964E-2 -2.591539E-1
1.501048E1 4.219051E-3 -2.592502E-1
1.502735E1 -3.162792E-3 -2.591417E-1
1.504421E1 -9.690417E-3 -2.590311E-1
1.506108E1 -1.590433E-2 -2.589670E-1
1.507794E1 -2.139124E-2 -2.587529E-1
1.509481E1 -2.768070E-2 -2.581830E-1
1.511168E1 -3.230534E-2 -2.578085E-1
1.512854E1 -3.783483E-2 -2.569266E-1
1.514541E1 -4.323172E-2 -2.561847E-1
1.516227E1 -4.821657E-2 -2.554082E-1
1.517914E1 -5.307554E-2 -2.544189E-1
1.519600E1 -5.759943E-2 -2.534984E-1
1.521287E1 -6.138848E-2 -2.525735E-1
1.522974E1 -6.507193E-2 -2.517121E-1
1.524660E1 -6.815389E-2 -2.508264E-1
1.526347E1 -7.118282E-2 -2.498934E-1
1.528033E1 -7.364312E-2 -2.491235E-1
1.529720E1 -7.498302E-2 -2.490805E-1
1.531406E1 -7.635123E-2 -2.484754E-1
1.533093E1 -7.635998E-2 -2.484496E-1
1.534780E1 -7.501027E-2 -2.491949E-1
1.536466E1 -7.374027E-2 -2.492423E-1
1.538153E1 -7.109581E-2 -2.499092E-1
1.539839E1 -6.800895E-2 -2.509796E-1
1.541526E1 -6.470407E-2 -2.518528E-1
1.543212E1 -5.971913E-2 -2.534247E-1
1.544899E1 -5.547500E-2 -2.543263E-1
1.546586E1 -5.089990E-2 -2.554857E-1
1.548272E1 -4.582211E-2 -2.563127E-1
1.549959E1 -4.050478E-2 -2.569885E-1
1.551645E1 -3.477738E-2 -2.579176E-1
1.553332E1 -2.862455E-2 -2.586445E-1
1.555018E1 -2.387381E-2 -2.588956E-1
1.556705E1 -1.734861E-2 -2.596997E-1
1.558392E1 -1.192711E-2 -2.597172E-1
1.560078E1 -5.807788E-3 -2.599594E-1
1.561765E1 1.144614E-3 -2.599229E-1
1.563451E1 8.420140E-3 -2.599635E-1
1.565138E1 1.474000E-2 -2.592202E-1
1.566824E1 2.322618E-2 -2.591107E-1
1.568511E1 2.836601E-2 -2.585592E-1
1.570198E1 3.469913E-2 -2.577365E-1
1.571884E1 4.090330E-2 -2.570772E-1
1.573571E1 4.747764E-2 -2.562161E-1
1.575257E1 5.088882E-2 -2.547969E-1
1.576944E1 5.657014E-2 -2.538286E-1
1.578630E1 6.134186E-2 -2.529753E-1
1.580317E1 6.382297E-2 -2.523414E-1
1.582004E1 6.626170E-2 -2.521060E-1
1.583690E1 6.659598E-2 -2.514875E-1
1.585377E1 6.853835E-2 -2.513928E-1
1.587063E1 6.969515E-2 -2.512933E-1
1.588750E1 6.976591E-2 -2.512893E-1
1.590436E1 6.931967E-2 -2.513589E-1
1.592123E1 6.790409E-2 -2.514653E-1
1.593810E1 6.464500E-2 -2.515227E-1
1.595496E1 6.399661E-2 -2.521932E-1
1.597183E1 6.152612E-2 -2.523911E-1
1.598869E1 5.971730E-2 -2.530311E-1
1.600556E1 5.613461E-2 -2.538607E-1
1.602242E1 5.267721E-2 -2.546461E-1
1.603929E1 4.870597E-2 -2.554193E-1
1.605616E1 4.416635E-2 -2.562965E-1
1.607302E1 3.897817E-2 -2.569390E-1
1.608989E1 3.302905E-2 -2.577410E-1
1.610675E1 2.726903E-2 -2.584600E-1
1.612362E1 2.105080E-2 -2.592318E-1
1.614048E1 1.265739E-2 -2.592881E-1
1.615735E1 6.937039E-3 -2.598758E-1
1.617422E1 -3.500735E-4 -2.598355E-1
1.619108E1 -7.342569E-3 -2.598029E-1
1.620795E1 -1.547260E-2 -2.589309E-1
1.622481E1 -2.139785E-2 -2.588321E-1
1.624168E1 -2.850846E-2 -2.581363E-1
1.625854E1 -3.351043E-2 -2.578491E-1
1.627541E1 -4.054020E-2 -2.563268E-1
1.629228E1 -4.444288E-2 -2.560202E-1
1.630914E1 -4.910910E-2 -2.554591E-1
1.632601E1 -5.210596E-2 -2.551124E-1
1.634287E1 -5.605836E-2 -2.542261E-1
1.635974E1 -5.977091E-2 -2.535077E-1
1.637660E1 -6.309190E-2 -2.526898E-1
1.639347E1 -6.619235E-2 -2.517957E-1
1.641034E1 -6.767578E-2 -2.517582E-1
1.642720E1 -6.980237E-2 -2.510194E-1
1.644407E1 -7.065914E-2 -2.508611E-1
1.646093E1 -7.150437E-2 -2.507185E-1
1.647780E1 -7.283607E-2 -2.500282E-1
1.649466E1 -7.287719E-2 -2.500305E-1
1.651153E1 -7.148585E-2 -2.507661E-1
1.652840E1 -7.035124E-2 -2.508468E-1
1.654526E1 -6.783219E-2 -2.516403E-1
1.656213E1 -6.470479E-2 -2.525559E-1
1.657899E1 -6.111392E-2 -2.533529E-1
1.659586E1 -5.697039E-2 -2.543186E-1
1.661272E1 -5.245547E-2 -2.554329E-1
1.662959E1 -4.632844E-2 -2.568648E-1
1.664646E1 -4.062045E-2 -2.578459E-1
1.666332E1 -3.469391E-2 -2.586664E-1
1.668019E1 -2.834037E-2 -2.596452E-1
1.669705E1 -2.147726E-2 -2.604523E-1
1.671392E1 -1.605179E-2 -2.605068E-1
1.673078E1 -1.035973E-2 -2.606402E-1
1.674765E1 -4.572663E-3 -2.606947E-1
1.676452E1 1.551231E-3 -2.608358E-1
1.678138E1 8.295048E-3 -2.608032E-1
1.679825E1 1.339488E-2 -2.601242E-1
1.681511E1 1.853459E-2 -2.594199E-1
1.683198E1 2.606342E-2 -2.591763E-1
1.684884E1 3.100339E-2 -2.585591E-1
1.686571E1 3.647151E-2 -2.577884E-1
1.688258E1 4.215855E-2 -2.570226E-1
1.689944E1 4.744997E-2 -2.561996E-1
1.691631E1 5.242473E-2 -2.554170E-1
1.693317E1 5.666000E-2 -2.545713E-1
1.695004E1 6.079695E-2 -2.537239E-1
1.696690E1 6.413385E-2 -2.529803E-1
1.698377E1 6.651345E-2 -2.524635E-1
1.700064E1 6.757792E-2 -2.522752E-1
1.701750E1 6.915193E-2 -2.521491E-1
1.703437E1 6.906315E-2 -2.521744E-1
1.705123E1 6.823338E-2 -2.521971E-1
1.706810E1 6.649981E-2 -2.523729E-1
1.708496E1 6.490860E-2 -2.524098E-1
1.710183E1 6.368866E-2 -2.528493E-1
1.711870E1 5.959418E-2 -2.532312E-1
1.713556E1 5.664674E-2 -2.539011E-1
1.715243E1 5.319572E-2 -2.546247E-1
1.716929E1 4.907466E-2 -2.554092E-1
1.718616E1 4.498532E-2 -2.562837E-1
1.720302E1 4.007748E-2 -2.570890E-1
1.721989E1 3.561641E-2 -2.577258E-1
1.723676E1 3.096895E-2 -2.585068E-1
1.725362E1 2.460679E-2 -2.587030E-1
1.727049E1 1.976398E-2 -2.592468E-1
1.728735E1 1.467667E-2 -2.599978E-1
1.730422E1 7.329803E-3 -2.598906E-1
1.732108E1 3.912654E-4 -2.599626E-1
1.733795E1 -6.494623E-3 -2.599150E-1
1.735482E1 -1.278474E-2 -2.597004E-1
1.737168E1 -2.035876E-2 -2.588756E-1
1.738855E1 -2.575873E-2 -2.588239E-1
1.740541E1 -3.219173E-2 -2.579494E-1
1.742228E1 -3.856488E-2 -2.569145E-1
1.743914E1 -4.418098E-2 -2.563150E-1
1.745601E1 -4.913835E-2 -2.554186E-1
1.747287E1 -5.359404E-2 -2.542793E-1
1.748974E1 -5.629600E-2 -2.542250E-1
1.750661E1 -5.980659E-2 -2.534863E-1
1.752347E1 -6.284130E-2 -2.525937E-1
1.754034E1 -6.430512E-2 -2.527422E-1
1.755720E1 -6.643578E-2 -2.519263E-1
1.757407E1 -6.737350E-2 -2.518460E-1
1.759093E1 -6.791884E-2 -2.516776E-1
1.760780E1 -6.810542E-2 -2.517132E-1
1.762467E1 -6.812606E-2 -2.517222E-1
1.764153E1 -6.801431E-2 -2.517112E-1
1.765840E1 -6.767313E-2 -2.519232E-1
1.767526E1 -6.647382E-2 -2.519139E-1
1.769213E1 -6.431442E-2 -2.526402E-1
1.770899E1 -6.276960E-2 -2.525901E-1
1.772586E1 -5.960835E-2 -2.534375E-1
1.774273E1 -5.592684E-2 -2.544437E-1
1.775959E1 -5.173491E-2 -2.553008E-1
1.777646E1 -4.147086E-2 -2.570236E-1
1.779332E1 -3.535482E-2 -2.578573E-1
1.781019E1 -2.227163E-2 -2.596049E-1
1.782705E1 -1.642683E-2 -2.599182E-1
1.784392E1 -9.266410E-3 -2.605527E-1
1.786079E1 -2.685122E-3 -2.605245E-1
1.787765E1 4.017171E-3 -2.606806E-1
1.789452E1 9.485255E-3 -2.601395E-1
1.791138E1 1.629942E-2 -2.599687E-1
1.792825E1 2.109054E-2 -2.593468E-1
1.794511E1 2.579708E-2 -2.587715E-1
1.796198E1 3.131600E-2 -2.583572E-1
1.797885E1 3.565946E-2 -2.576581E-1
1.799571E1 4.534195E-2 -2.561234E-1
1.801258E1 4.967085E-2 -2.553503E-1
1.802944E1 5.323638E-2 -2.545444E-1
1.804631E1 5.694597E-2 -2.537991E-1
1.806317E1 6.012253E-2 -2.530548E-1
1.808004E1 6.238512E-2 -2.523051E-1
1.809691E1 6.486299E-2 -2.521547E-1
1.811377E1 6.623641E-2 -2.520650E-1
1.813064E1 6.762080E-2 -2.520908E-1
1.814750E1 6.850042E-2 -2.521341E-1
1.816437E1 6.800919E-2 -2.521604E-1
1.818123E1 6.567985E-2 -2.522446E-1
1.819810E1 6.390751E-2 -2.523840E-1
1.821497E1 6.126893E-2 -2.530331E-1
1.823183E1 5.771396E-2 -2.538470E-1
1.824870E1 5.350393E-2 -2.546862E-1
1.826556E1 4.941652E-2 -2.553907E-1
1.828243E1 4.467345E-2 -2.561707E-1
1.829929E1 3.988321E-2 -2.569216E-1
1.831616E1 3.464462E-2 -2.577173E-1
1.833303E1 2.949723E-2 -2.584153E-1
1.834989E1 2.297953E-2 -2.585750E-1
1.836676E1 1.873524E-2 -2.592275E-1
1.838362E1 1.203829E-2 -2.592976E-1
1.840049E1 8.116089E-3 -2.599053E-1
1.841735E1 1.873602E-3 -2.599935E-1
1.843422E1 -3.897405E-3 -2.599068E-1
1.845109E1 -9.755975E-3 -2.598298E-1
1.846795E1 -1.557719E-2 -2.596733E-1
1.848482E1 -2.274094E-2 -2.588020E-1
1.850168E1 -2.949627E-2 -2.579900E-1
1.851855E1 -3.404829E-2 -2.578835E-1
1.853541E1 -3.987492E-2 -2.569993E-1
1.855228E1 -4.517606E-2 -2.561844E-1
1.856915E1 -4.987592E-2 -2.552015E-1
1.858601E1 -5.414199E-2 -2.543317E-1
1.860288E1 -5.807747E-2 -2.534278E-1
1.861974E1 -6.140927E-2 -2.527212E-1
1.863661E1 -6.434249E-2 -2.521835E-1
1.865347E1 -6.532150E-2 -2.517357E-1
1.867034E1 -6.624238E-2 -2.516642E-1
1.868721E1 -6.655471E-2 -2.517157E-1
1.870407E1 -6.655679E-2 -2.517453E-1
1.872094E1 -6.630637E-2 -2.518072E-1
1.873780E1 -6.586190E-2 -2.520051E-1
1.875467E1 -6.390046E-2 -2.525593E-1
1.877153E1 -6.276668E-2 -2.525834E-1
1.878840E1 -6.028354E-2 -2.533442E-1
1.880527E1 -5.751084E-2 -2.542722E-1
1.882213E1 -5.535615E-2 -2.543571E-1
1.883900E1 -5.204678E-2 -2.551451E-1
1.885586E1 -4.954102E-2 -2.553063E-1
1.887273E1 -4.543701E-2 -2.561872E-1
1.888959E1 -4.082765E-2 -2.570533E-1
1.890646E1 -3.550087E-2 -2.578356E-1
1.892333E1 -3.096967E-2 -2.581508E-1
1.894019E1 -2.420766E-2 -2.589127E-1
1.895706E1 -1.722518E-2 -2.595791E-1
1.897392E1 -1.116814E-2 -2.597148E-1
1.899079E1 -4.783504E-3 -2.599614E-1
1.900765E1 1.969917E-3 -2.599705E-1
1.902452E1 8.798183E-3 -2.599109E-1
1.904139E1 1.598654E-2 -2.599489E-1
1.905825E1 2.166401E-2 -2.593493E-1
1.907512E1 2.649365E-2 -2.585820E-1
1.909198E1 3.056882E-2 -2.577175E-1
1.910885E1 3.735699E-2 -2.576168E-1
1.912571E1 4.126544E-2 -2.569354E-1
1.914258E1 4.499792E-2 -2.562138E-1
1.915945E1 4.823484E-2 -2.553806E-1
1.917631E1 5.069161E-2 -2.546353E-1
1.919318E1 5.295855E-2 -2.539052E-1
1.921004E1 5.520353E-2 -2.531708E-1
1.922691E1 5.930425E-2 -2.529099E-1
1.924377E1 6.040890E-2 -2.523732E-1
1.926064E1 6.165237E-2 -2.522240E-1
1.927751E1 6.240156E-2 -2.522021E-1
1.929437E1 6.246742E-2 -2.521907E-1
1.931124E1 6.239788E-2 -2.522051E-1
1.932810E1 6.198596E-2 -2.522381E-1
1.934497E1 6.064129E-2 -2.523052E-1
1.936183E1 6.030282E-2 -2.528832E-1
1.937870E1 5.789869E-2 -2.537006E-1
1.939557E1 5.436563E-2 -2.545443E-1
1.941243E1 5.002006E-2 -2.554152E-1
1.942930E1 4.541704E-2 -2.561835E-1
1.944616E1 3.987210E-2 -2.569665E-1
1.946303E1 3.466425E-2 -2.577723E-1
1.947989E1 2.936291E-2 -2.584149E-1
1.949676E1 2.274017E-2 -2.586205E-1
1.951363E1 1.765685E-2 -2.591913E-1
1.953049E1 1.072511E-2 -2.593033E-1
1.954736E1 4.179996E-3 -2.592702E-1
1.956422E1 9.480339E-5 -2.598513E-1
1.958109E1 -5.620551E-3 -2.598476E-1
1.959795E1 -1.095283E-2 -2.598587E-1
1.961482E1 -1.583139E-2 -2.597119E-1
1.963169E1 -2.073873E-2 -2.595935E-1
1.964855E1 -2.655109E-2 -2.588752E-1
1.966542E1 -3.232534E-2 -2.581031E-1
1.968228E1 -3.664575E-2 -2.578471E-1
1.969915E1 -4.189396E-2 -2.568631E-1
1.971601E1 -4.674115E-2 -2.562973E-1
1.973288E1 -5.091170E-2 -2.554208E-1
1.974975E1 -5.478635E-2 -2.544216E-1
1.976661E1 -5.834463E-2 -2.536175E-1
1.978348E1 -6.153821E-2 -2.527968E-1
1.980034E1 -6.447188E-2 -2.517741E-1
1.981721E1 -6.557433E-2 -2.517531E-1
1.983407E1 -6.649682E-2 -2.516400E-1
1.985094E1 -6.672322E-2 -2.516667E-1
1.986781E1 -6.659684E-2 -2.517499E-1
1.988467E1 -6.607119E-2 -2.517008E-1
1.990154E1 -6.399774E-2 -2.526123E-1
1.991840E1 -6.157625E-2 -2.533317E-1
1.993527E1 -5.971935E-2 -2.535855E-1
1.995213E1 -5.680444E-2 -2.545489E-1
1.996900E1 -5.321831E-2 -2.552498E-1
1.998587E1 -4.953673E-2 -2.559683E-1
2.000273E1 -4.554149E-2 -2.568361E-1
2.001960E1 -4.244916E-2 -2.570768E-1
2.003646E1 -3.774259E-2 -2.577857E-1
2.005333E1 -3.243279E-2 -2.586444E-1
2.007019E1 -2.855022E-2 -2.587123E-1
2.008706E1 -2.289375E-2 -2.595603E-1
2.010393E1 -1.808212E-2 -2.597148E-1
2.012079E1 -1.272096E-2 -2.597413E-1
2.013766E1 -7.057762E-3 -2.598652E-1
2.015452E1 -9.316491E-4 -2.600716E-1
2.017139E1 5.659283E-3 -2.598912E-1
2.018825E1 1.250593E-2 -2.600318E-1
2.020512E1 1.780466E-2 -2.593377E-1
2.022199E1 2.505654E-2 -2.592413E-1
2.023885E1 2.978826E-2 -2.585422E-1
2.025572E1 3.426219E-2 -2.578401E-1
2.027258E1 3.905928E-2 -2.570220E-1
2.028945E1 4.377012E-2 -2.562913E-1
2.030631E1 4.917216E-2 -2.560880E-1
2.032318E1 5.209781E-2 -2.553360E-1
2.034005E1 5.394207E-2 -2.546241E-1
2.035691E1 5.505093E-2 -2.540232E-1
2.037378E1 5.764520E-2 -2.537483E-1
2.039064E1 5.773807E-2 -2.532233E-1
2.040751E1 5.917637E-2 -2.529507E-1
2.042437E1 5.995933E-2 -2.528564E-1
2.044124E1 5.986698E-2 -2.529110E-1
2.045811E1 5.927430E-2 -2.530252E-1
2.047497E1 5.768803E-2 -2.532211E-1
2.049184E1 5.744483E-2 -2.536189E-1
2.050870E1 5.442239E-2 -2.539959E-1
2.052557E1 5.306580E-2 -2.545748E-1
2.054243E1 5.130669E-2 -2.552656E-1
2.055930E1 4.846628E-2 -2.561241E-1
2.057617E1 4.499101E-2 -2.569644E-1
2.059303E1 4.081248E-2 -2.578051E-1
2.060990E1 3.618492E-2 -2.584986E-1
2.062676E1 2.917982E-2 -2.586339E-1
2.064363E1 2.490563E-2 -2.593166E-1
2.066049E1 1.709487E-2 -2.593545E-1
2.067736E1 1.240364E-2 -2.601160E-1
2.069423E1 5.998493E-3 -2.600726E-1
2.071109E1 -6.419923E-4 -2.600097E-1
2.072796E1 -6.576668E-3 -2.599386E-1
2.074482E1 -1.218240E-2 -2.597686E-1
2.076169E1 -1.741415E-2 -2.596589E-1
2.077855E1 -2.382052E-2 -2.588890E-1
2.079542E1 -2.822080E-2 -2.588233E-1
2.081229E1 -3.366890E-2 -2.579172E-1
2.082915E1 -3.714035E-2 -2.578496E-1
2.084602E1 -4.194692E-2 -2.569276E-1
2.086288E1 -4.630275E-2 -2.562184E-1
2.087975E1 -4.897128E-2 -2.561115E-1
2.089661E1 -5.261184E-2 -2.553378E-1
2.091348E1 -5.469883E-2 -2.550703E-1
2.093035E1 -5.787298E-2 -2.542577E-1
2.094721E1 -6.070933E-2 -2.535626E-1
2.096408E1 -6.304902E-2 -2.527109E-1
2.098094E1 -6.381519E-2 -2.526259E-1
2.099781E1 -6.460774E-2 -2.525584E-1
2.101467E1 -6.484157E-2 -2.525860E-1
2.103154E1 -6.466764E-2 -2.525329E-1
2.104841E1 -6.408402E-2 -2.526885E-1
2.106527E1 -6.300446E-2 -2.527352E-1
2.108214E1 -6.036354E-2 -2.534449E-1
2.109900E1 -5.717394E-2 -2.543917E-1
2.111587E1 -5.365738E-2 -2.551474E-1
2.113273E1 -4.984004E-2 -2.561369E-1
2.114960E1 -4.548130E-2 -2.568740E-1
2.116647E1 -4.071065E-2 -2.578305E-1
2.118333E1 -3.552186E-2 -2.586465E-1
2.120020E1 -3.190974E-2 -2.587001E-1
2.121706E1 -2.626280E-2 -2.595920E-1
2.123393E1 -2.014160E-2 -2.605105E-1
2.125079E1 -1.521785E-2 -2.604549E-1
2.126766E1 -1.029006E-2 -2.605515E-1
2.128453E1 -5.243951E-3 -2.606196E-1
2.130139E1 1.627014E-4 -2.607613E-1
2.131826E1 6.147850E-3 -2.607610E-1
2.133512E1 1.058733E-2 -2.600310E-1
2.135199E1 1.717425E-2 -2.600083E-1
2.136885E1 2.166491E-2 -2.594331E-1
2.138572E1 2.566923E-2 -2.586039E-1
2.140259E1 3.195594E-2 -2.584745E-1
2.141945E1 3.662081E-2 -2.578682E-1
2.143632E1 4.102311E-2 -2.570516E-1
2.145318E1 4.522154E-2 -2.562943E-1
2.147005E1 4.901827E-2 -2.554971E-1
2.148691E1 5.148676E-2 -2.546997E-1
2.150378E1 5.579148E-2 -2.544714E-1
2.152065E1 5.672727E-2 -2.538717E-1
2.153751E1 5.887782E-2 -2.536849E-1
2.155438E1 5.982758E-2 -2.536276E-1
2.157124E1 5.988259E-2 -2.536615E-1
2.158811E1 5.934787E-2 -2.537690E-1
2.160497E1 5.799372E-2 -2.538489E-1
2.162184E1 5.615442E-2 -2.539179E-1
2.163871E1 5.561946E-2 -2.544709E-1
2.165557E1 5.211626E-2 -2.547102E-1
2.167244E1 5.055519E-2 -2.553598E-1
2.168930E1 4.829165E-2 -2.560635E-1
2.170617E1 4.330727E-2 -2.564093E-1
2.172303E1 4.024485E-2 -2.570896E-1
2.173990E1 3.714581E-2 -2.577940E-1
2.175677E1 3.354883E-2 -2.585183E-1
2.177363E1 2.800775E-2 -2.585949E-1
2.179050E1 2.425482E-2 -2.593296E-1
2.180736E1 1.787263E-2 -2.593719E-1
2.182423E1 1.361622E-2 -2.600622E-1
2.184109E1 6.804622E-3 -2.600988E-1
2.185796E1 4.502456E-4 -2.599341E-1
2.187483E1 -5.599264E-3 -2.599282E-1
2.189169E1 -1.123429E-2 -2.597353E-1
2.190856E1 -1.638332E-2 -2.596430E-1
2.192542E1 -2.299694E-2 -2.588730E-1
2.194229E1 -2.917676E-2 -2.581628E-1
2.195915E1 -3.323765E-2 -2.579961E-1
2.197602E1 -3.727444E-2 -2.577049E-1
2.199289E1 -4.180475E-2 -2.570673E-1
2.200975E1 -4.575080E-2 -2.563028E-1
2.202662E1 -4.825748E-2 -2.560494E-1
2.204348E1 -5.132469E-2 -2.552817E-1
2.206035E1 -5.326662E-2 -2.552193E-1
2.207721E1 -5.584763E-2 -2.545922E-1
2.209408E1 -5.708178E-2 -2.542988E-1
2.211095E1 -5.822082E-2 -2.542009E-1
2.212781E1 -5.998427E-2 -2.536783E-1
2.214468E1 -6.053611E-2 -2.534673E-1
2.216154E1 -6.073010E-2 -2.535158E-1
2.217841E1 -6.067514E-2 -2.534892E-1
2.219527E1 -6.029601E-2 -2.533956E-1
2.221214E1 -5.953294E-2 -2.534697E-1
2.222901E1 -5.746500E-2 -2.542547E-1
2.224587E1 -5.564465E-2 -2.544870E-1
2.226274E1 -5.251416E-2 -2.551975E-1
2.227960E1 -4.984049E-2 -2.554531E-1
2.229647E1 -4.550932E-2 -2.561588E-1
2.231333E1 -4.067554E-2 -2.570258E-1
2.233020E1 -3.554880E-2 -2.578691E-1
2.234707E1 -3.152615E-2 -2.581443E-1
2.236393E1 -2.555030E-2 -2.588744E-1
2.238080E1 -1.938312E-2 -2.595369E-1
2.239766E1 -1.442190E-2 -2.596892E-1
2.241453E1 -9.183989E-3 -2.599823E-1
2.243139E1 -3.607423E-3 -2.598909E-1
2.244826E1 1.505537E-3 -2.598442E-1
2.246513E1 7.268708E-3 -2.598473E-1
2.248199E1 1.307823E-2 -2.598452E-1
2.249886E1 1.697537E-2 -2.592273E-1
2.251572E1 2.256544E-2 -2.591965E-1
2.253259E1 2.610351E-2 -2.585641E-1
2.254945E1 2.909276E-2 -2.578486E-1
2.256632E1 3.554955E-2 -2.576524E-1
2.258318E1 3.943795E-2 -2.569281E-1
2.260005E1 4.335763E-2 -2.562190E-1
2.261692E1 4.637887E-2 -2.553955E-1
2.263378E1 4.902150E-2 -2.546303E-1
2.265065E1 5.344176E-2 -2.545513E-1
2.266751E1 5.491695E-2 -2.537745E-1
2.268438E1 5.571926E-2 -2.530702E-1
2.270124E1 5.770582E-2 -2.530561E-1
2.271811E1 5.879400E-2 -2.529600E-1
2.273498E1 5.871778E-2 -2.529845E-1
2.275184E1 5.753543E-2 -2.530929E-1
2.276871E1 5.503346E-2 -2.532005E-1
2.278557E1 5.401810E-2 -2.537174E-1
2.280244E1 5.233645E-2 -2.544291E-1
2.281930E1 4.750582E-2 -2.546499E-1
2.283617E1 4.532629E-2 -2.553498E-1
2.285304E1 4.237220E-2 -2.560220E-1
2.286990E1 3.694724E-2 -2.562403E-1
2.288677E1 3.327349E-2 -2.570105E-1
2.290363E1 2.965919E-2 -2.576011E-1
2.292050E1 2.357520E-2 -2.576902E-1
2.293736E1 2.105075E-2 -2.584560E-1
2.295423E1 1.510772E-2 -2.584965E-1
2.297110E1 1.214336E-2 -2.590880E-1
2.298796E1 6.376985E-3 -2.590807E-1
2.300483E1 7.773781E-4 -2.591792E-1
2.302169E1 -4.789713E-3 -2.590596E-1
2.303856E1 -1.021045E-2 -2.588804E-1
2.305542E1 -1.557190E-2 -2.589015E-1
2.307229E1 -2.047622E-2 -2.587652E-1
2.308916E1 -2.686148E-2 -2.578862E-1
2.310602E1 -3.120214E-2 -2.578288E-1
2.312289E1 -3.672295E-2 -2.571258E-1
2.313975E1 -4.131442E-2 -2.561678E-1
2.315662E1 -4.862627E-2 -2.551021E-1
2.317348E1 -5.219987E-2 -2.544594E-1
2.319035E1 -5.393998E-2 -2.544256E-1
2.320722E1 -5.558566E-2 -2.542598E-1
2.322408E1 -5.667046E-2 -2.542208E-1
2.324095E1 -5.830402E-2 -2.536584E-1
2.325781E1 -5.870260E-2 -2.534474E-1
2.327468E1 -5.859548E-2 -2.534123E-1
2.329154E1 -5.704351E-2 -2.542505E-1
2.330841E1 -5.620633E-2 -2.543075E-1
2.332528E1 -5.487057E-2 -2.545452E-1
2.334214E1 -5.228786E-2 -2.552203E-1
2.335901E1 -5.042063E-2 -2.553073E-1
2.337587E1 -4.721328E-2 -2.561096E-1
2.339274E1 -4.368235E-2 -2.567879E-1
2.340960E1 -4.073471E-2 -2.571154E-1
2.342647E1 -3.605227E-2 -2.577249E-1
2.344334E1 -3.230447E-2 -2.580865E-1
2.346020E1 -2.648560E-2 -2.588129E-1
2.347707E1 -2.027333E-2 -2.595157E-1
2.349393E1 -1.518714E-2 -2.596460E-1
2.351080E1 -9.995198E-3 -2.599494E-1
2.352766E1 -4.478583E-3 -2.598347E-1
2.354453E1 1.111850E-3 -2.599721E-1
2.356140E1 7.162834E-3 -2.599094E-1
2.357826E1 1.310953E-2 -2.598982E-1
2.359513E1 1.718056E-2 -2.592441E-1
2.361199E1 2.325681E-2 -2.592972E-1
2.362886E1 2.641891E-2 -2.585711E-1
2.364572E1 2.907041E-2 -2.576841E-1
2.366259E1 3.399700E-2 -2.576489E-1
2.367946E1 3.654966E-2 -2.569231E-1
2.369632E1 3.943596E-2 -2.563143E-1
2.371319E1 4.390994E-2 -2.560895E-1
2.373005E1 4.568078E-2 -2.553827E-1
2.374692E1 4.722638E-2 -2.546456E-1
2.376378E1 5.081932E-2 -2.545093E-1
2.378065E1 5.316321E-2 -2.544406E-1
2.379752E1 5.280846E-2 -2.539009E-1
2.381438E1 5.417246E-2 -2.537431E-1
2.383125E1 5.453452E-2 -2.538225E-1
2.384811E1 5.433395E-2 -2.538548E-1
2.386498E1 5.345184E-2 -2.539125E-1
2.388184E1 5.350604E-2 -2.545365E-1
2.389871E1 5.012444E-2 -2.546930E-1
2.391558E1 4.848277E-2 -2.553927E-1
2.393244E1 4.586177E-2 -2.561317E-1
2.394931E1 4.253569E-2 -2.569194E-1
2.396617E1 3.878444E-2 -2.576466E-1
2.398304E1 3.247685E-2 -2.578582E-1
2.399990E1 2.913605E-2 -2.584715E-1
2.401677E1 2.336015E-2 -2.586229E-1
2.403364E1 2.005880E-2 -2.592157E-1
2.405050E1 1.420573E-2 -2.593426E-1
2.406737E1 1.047481E-2 -2.598913E-1
2.408423E1 4.703732E-3 -2.599630E-1
2.410110E1 -6.320330E-4 -2.599479E-1
2.411796E1 -5.634225E-3 -2.599012E-1
2.413483E1 -1.034674E-2 -2.597713E-1
2.415170E1 -1.488011E-2 -2.598319E-1
2.416856E1 -1.934801E-2 -2.597731E-1
2.418543E1 -2.520877E-2 -2.587542E-1
2.420229E1 -2.910395E-2 -2.588056E-1
2.421916E1 -3.453037E-2 -2.579249E-1
2.423602E1 -3.795638E-2 -2.578320E-1
2.425289E1 -4.261837E-2 -2.570874E-1
2.426976E1 -4.666862E-2 -2.562937E-1
2.428662E1 -5.036497E-2 -2.552465E-1
2.430349E1 -5.239318E-2 -2.551874E-1
2.432035E1 -5.530546E-2 -2.543208E-1
2.433722E1 -5.670628E-2 -2.543868E-1
2.435408E1 -5.885829E-2 -2.535737E-1
2.437095E1 -5.941443E-2 -2.534255E-1
2.438782E1 -5.955501E-2 -2.534771E-1
2.440468E1 -5.957905E-2 -2.534885E-1
2.442155E1 -5.891882E-2 -2.536290E-1
2.443841E1 -5.684191E-2 -2.544908E-1
2.445528E1 -5.552407E-2 -2.544378E-1
2.447214E1 -5.295242E-2 -2.551453E-1
2.448901E1 -5.124790E-2 -2.552703E-1
2.450588E1 -4.804377E-2 -2.561071E-1
2.452274E1 -4.212327E-2 -2.569398E-1
2.453961E1 -3.802091E-2 -2.578186E-1
2.455647E1 -3.487324E-2 -2.580147E-1
2.457334E1 -2.989430E-2 -2.586972E-1
2.459020E1 -2.614441E-2 -2.587608E-1
2.460707E1 -2.066720E-2 -2.596427E-1
2.462394E1 -1.623515E-2 -2.596920E-1
2.464080E1 -1.134450E-2 -2.598100E-1
2.465767E1 -6.071329E-3 -2.598245E-1
2.467453E1 -4.278926E-4 -2.599222E-1
2.469140E1 5.248603E-3 -2.600032E-1
2.470826E1 1.137006E-2 -2.599161E-1
2.472513E1 1.733363E-2 -2.598620E-1
2.474200E1 2.146760E-2 -2.592333E-1
2.475886E1 2.719474E-2 -2.591564E-1
2.477573E1 3.041857E-2 -2.585716E-1
2.479259E1 3.374973E-2 -2.578712E-1
2.480946E1 3.870008E-2 -2.577170E-1
2.482632E1 4.096640E-2 -2.570451E-1
2.484319E1 4.332403E-2 -2.563336E-1
2.486006E1 4.655738E-2 -2.560529E-1
2.487692E1 4.707303E-2 -2.554835E-1
2.489379E1 4.946383E-2 -2.553708E-1
2.491065E1 4.928756E-2 -2.547850E-1
2.492752E1 5.067403E-2 -2.545851E-1
2.494438E1 5.122273E-2 -2.545868E-1
2.496125E1 5.148085E-2 -2.545600E-1
2.497812E1 5.126409E-2 -2.546018E-1
2.499498E1 5.020777E-2 -2.546648E-1
2.501185E1 4.831373E-2 -2.546408E-1
2.502871E1 4.816866E-2 -2.552934E-1
2.504558E1 4.512763E-2 -2.555673E-1
2.506244E1 4.328566E-2 -2.561101E-1
2.507931E1 4.104844E-2 -2.568334E-1
2.509618E1 3.606040E-2 -2.570206E-1
2.511304E1 3.240236E-2 -2.576077E-1
2.512991E1 2.652419E-2 -2.576923E-1
2.514677E1 2.309273E-2 -2.584309E-1
2.516364E1 1.706621E-2 -2.585251E-1
2.518050E1 1.310243E-2 -2.590253E-1
2.519737E1 7.300517E-3 -2.590226E-1
2.521424E1 1.732684E-3 -2.591515E-1
2.523110E1 -3.297923E-3 -2.591843E-1
2.524797E1 -8.311000E-3 -2.590711E-1
2.526483E1 -1.308192E-2 -2.589875E-1
2.528170E1 -1.761404E-2 -2.589485E-1
2.529856E1 -2.174776E-2 -2.588799E-1
2.531543E1 -2.544748E-2 -2.586948E-1
2.533230E1 -3.039235E-2 -2.579561E-1
2.534916E1 -3.366977E-2 -2.577977E-1
2.536603E1 -3.810778E-2 -2.571434E-1
2.538289E1 -4.094959E-2 -2.570203E-1
2.539976E1 -4.477063E-2 -2.561774E-1
2.541662E1 -4.721734E-2 -2.560471E-1
2.543349E1 -5.041079E-2 -2.552165E-1
2.545036E1 -5.210022E-2 -2.550702E-1
2.546722E1 -5.467981E-2 -2.543856E-1
2.548409E1 -5.589108E-2 -2.544085E-1
2.550095E1 -5.651450E-2 -2.542849E-1
2.551782E1 -5.805888E-2 -2.535993E-1
2.553468E1 -5.804097E-2 -2.535604E-1
2.555155E1 -5.792269E-2 -2.534953E-1
2.556842E1 -5.606160E-2 -2.541655E-1
2.558528E1 -5.473653E-2 -2.544269E-1
2.560215E1 -5.200728E-2 -2.550542E-1
2.561901E1 -4.997969E-2 -2.554293E-1
2.563588E1 -4.659720E-2 -2.561701E-1
2.565274E1 -4.288888E-2 -2.568362E-1
2.566961E1 -3.863632E-2 -2.576974E-1
2.568648E1 -3.564904E-2 -2.579407E-1
2.570334E1 -3.082968E-2 -2.587052E-1
2.572021E1 -2.721160E-2 -2.588519E-1
2.573707E1 -2.221058E-2 -2.595715E-1
2.575394E1 -1.824188E-2 -2.597666E-1
2.577080E1 -1.411758E-2 -2.598278E-1
2.578767E1 -9.494882E-3 -2.598061E-1
2.580454E1 -4.987397E-3 -2.599687E-1
2.582140E1 2.456571E-4 -2.598901E-1
2.583827E1 5.260803E-3 -2.598786E-1
2.585513E1 1.094805E-2 -2.598734E-1
2.587200E1 1.510764E-2 -2.593309E-1
2.588886E1 2.102792E-2 -2.591750E-1
2.590573E1 2.511381E-2 -2.585081E-1
2.592260E1 3.095156E-2 -2.583692E-1
2.593946E1 3.328011E-2 -2.577595E-1
2.595633E1 3.875628E-2 -2.576587E-1
2.597319E1 4.154996E-2 -2.568837E-1
2.599006E1 4.417206E-2 -2.562486E-1
2.600692E1 4.782646E-2 -2.560300E-1
2.602379E1 5.121060E-2 -2.552262E-1
2.604066E1 5.046418E-2 -2.547669E-1
2.605752E1 5.059964E-2 -2.546592E-1
2.607439E1 5.055790E-2 -2.545955E-1
2.609125E1 5.013280E-2 -2.546260E-1
2.610812E1 4.957970E-2 -2.546048E-1
2.612498E1 4.790280E-2 -2.546365E-1
2.614185E1 4.780718E-2 -2.552482E-1
2.615872E1 4.533402E-2 -2.553549E-1
2.617558E1 4.436750E-2 -2.560329E-1
2.619245E1 4.055890E-2 -2.561839E-1
2.620931E1 3.839534E-2 -2.568717E-1
2.622618E1 3.656636E-2 -2.575811E-1
2.624304E1 3.168726E-2 -2.577624E-1
2.625991E1 2.680793E-2 -2.578198E-1
2.627678E1 2.451368E-2 -2.584171E-1
2.629364E1 1.878195E-2 -2.585292E-1
2.631051E1 1.532429E-2 -2.591222E-1
2.632737E1 9.215820E-3 -2.591970E-1
2.634424E1 3.683540E-3 -2.592036E-1
2.636110E1 -1.856913E-3 -2.589870E-1
2.637797E1 -7.148611E-3 -2.589912E-1
2.639484E1 -1.206513E-2 -2.588696E-1
2.641170E1 -1.685871E-2 -2.587198E-1
2.642857E1 -2.123407E-2 -2.587115E-1
2.644543E1 -2.672410E-2 -2.581600E-1
2.646230E1 -3.028408E-2 -2.578332E-1
2.647916E1 -3.359420E-2 -2.577432E-1
2.649603E1 -3.789655E-2 -2.570179E-1
2.651290E1 -4.051737E-2 -2.569346E-1
2.652976E1 -4.378421E-2 -2.561270E-1
2.654663E1 -4.585526E-2 -2.562013E-1
2.656349E1 -4.737317E-2 -2.560561E-1
2.658036E1 -5.022668E-2 -2.551318E-1
2.659722E1 -5.134885E-2 -2.551969E-1
2.661409E1 -5.360852E-2 -2.543510E-1
2.663096E1 -5.440949E-2 -2.542933E-1
2.664782E1 -5.479055E-2 -2.544640E-1
2.666469E1 -5.497150E-2 -2.544971E-1
2.668155E1 -5.482185E-2 -2.544368E-1
2.669842E1 -5.440595E-2 -2.542962E-1
2.671528E1 -5.359550E-2 -2.543451E-1
2.673215E1 -5.113855E-2 -2.551244E-1
2.674902E1 -4.958798E-2 -2.552669E-1
2.676588E1 -4.640848E-2 -2.561211E-1
2.678275E1 -4.384708E-2 -2.562394E-1
2.679961E1 -3.977375E-2 -2.570307E-1
2.681648E1 -3.521435E-2 -2.577401E-1
2.683334E1 -3.157206E-2 -2.581439E-1
2.685021E1 -2.629719E-2 -2.587723E-1
2.686708E1 -2.229176E-2 -2.589806E-1
2.688394E1 -1.668399E-2 -2.597556E-1
2.690081E1 -1.239230E-2 -2.598355E-1
2.691767E1 -7.603815E-3 -2.599470E-1
2.693454E1 -2.852798E-3 -2.598196E-1
2.695140E1 1.942946E-3 -2.599023E-1
2.696827E1 6.712665E-3 -2.599527E-1
2.698514E1 1.172626E-2 -2.599290E-1
2.700200E1 1.487859E-2 -2.593416E-1
2.701887E1 2.024804E-2 -2.591662E-1
2.703573E1 2.326498E-2 -2.585794E-1
2.705260E1 2.553914E-2 -2.576975E-1
2.706946E1 3.077401E-2 -2.576909E-1
2.708633E1 3.610212E-2 -2.576132E-1
2.710320E1 3.886796E-2 -2.568757E-1
2.712006E1 4.135578E-2 -2.561882E-1
2.713693E1 4.521636E-2 -2.560524E-1
2.715379E1 4.647176E-2 -2.553611E-1
2.717066E1 4.947543E-2 -2.553213E-1
2.718752E1 4.911786E-2 -2.546345E-1
2.720439E1 5.001235E-2 -2.546191E-1
2.722126E1 5.054787E-2 -2.545605E-1
2.723812E1 4.996458E-2 -2.545320E-1
2.725499E1 4.876609E-2 -2.546195E-1
2.727185E1 4.888505E-2 -2.552263E-1
2.728872E1 4.562643E-2 -2.553387E-1
2.730558E1 4.467836E-2 -2.560117E-1
2.732245E1 4.104162E-2 -2.561905E-1
2.733932E1 3.909964E-2 -2.567903E-1
2.735618E1 3.490148E-2 -2.569139E-1
2.737305E1 3.244879E-2 -2.577420E-1
2.738991E1 2.789241E-2 -2.577459E-1
2.740678E1 2.567762E-2 -2.583775E-1
2.742364E1 2.062571E-2 -2.584876E-1
2.744051E1 1.847854E-2 -2.592039E-1
2.745737E1 1.333146E-2 -2.592655E-1
2.747424E1 1.024267E-2 -2.599500E-1
2.749111E1 4.974747E-3 -2.600355E-1
2.750797E1 -5.627780E-5 -2.599850E-1
2.752484E1 -5.249178E-3 -2.597600E-1
2.754170E1 -1.000494E-2 -2.598349E-1
2.755857E1 -1.476121E-2 -2.596737E-1
2.757543E1 -2.078862E-2 -2.589645E-1
2.759230E1 -2.483175E-2 -2.587891E-1
2.760917E1 -3.025454E-2 -2.578913E-1
2.762603E1 -3.356938E-2 -2.577845E-1
2.764290E1 -3.670791E-2 -2.577937E-1
2.765976E1 -4.071603E-2 -2.570379E-1
2.767663E1 -4.312862E-2 -2.568646E-1
2.769349E1 -4.634166E-2 -2.561740E-1
2.771036E1 -4.780976E-2 -2.559904E-1
2.772723E1 -5.039996E-2 -2.553152E-1
2.774409E1 -5.121994E-2 -2.552412E-1
2.776096E1 -5.193423E-2 -2.551317E-1
2.777782E1 -5.236850E-2 -2.553213E-1
2.779469E1 -5.235025E-2 -2.553170E-1
2.781155E1 -5.230338E-2 -2.552968E-1
2.782842E1 -5.219856E-2 -2.552564E-1
2.784529E1 -5.054903E-2 -2.559931E-1
2.786215E1 -4.970803E-2 -2.560344E-1
2.787902E1 -4.860993E-2 -2.559840E-1
2.789588E1 -4.713688E-2 -2.561593E-1
2.791275E1 -4.406071E-2 -2.569092E-1
2.792961E1 -4.196764E-2 -2.569076E-1
2.794648E1 -3.809344E-2 -2.577803E-1
2.796335E1 -3.537347E-2 -2.578972E-1
2.798021E1 -3.052272E-2 -2.586595E-1
2.799708E1 -2.695476E-2 -2.587434E-1
2.801394E1 -1.715111E-2 -2.597246E-1
2.803081E1 -1.112325E-2 -2.604702E-1
2.804767E1 -6.492293E-3 -2.606675E-1
2.806454E1 -1.567260E-3 -2.607174E-1
2.808141E1 3.496225E-3 -2.607300E-1
2.809827E1 8.683686E-3 -2.607435E-1
2.811514E1 1.198343E-2 -2.600706E-1
2.813200E1 1.720966E-2 -2.600169E-1
2.814887E1 2.003341E-2 -2.594269E-1
2.816573E1 2.505477E-2 -2.592344E-1
2.818260E1 2.745017E-2 -2.586937E-1
2.819947E1 3.312896E-2 -2.577552E-1
2.821633E1 3.722277E-2 -2.576739E-1
2.823320E1 3.881312E-2 -2.569993E-1
2.825006E1 4.242509E-2 -2.568278E-1
2.826693E1 4.362194E-2 -2.562579E-1
2.828379E1 4.610407E-2 -2.561501E-1
2.830066E1 4.821191E-2 -2.560188E-1
2.831753E1 4.731041E-2 -2.555028E-1
2.833439E1 4.789134E-2 -2.554998E-1
2.835126E1 4.812300E-2 -2.554433E-1
2.836812E1 4.775711E-2 -2.555046E-1
2.838499E1 4.647394E-2 -2.555241E-1
2.840185E1 4.641534E-2 -2.560726E-1
2.841872E1 4.283776E-2 -2.562900E-1
2.843559E1 4.120101E-2 -2.569416E-1
2.845245E1 3.695077E-2 -2.570203E-1
2.846932E1 3.428708E-2 -2.577096E-1
2.848618E1 2.964955E-2 -2.577627E-1
2.850305E1 2.728245E-2 -2.583580E-1
2.851991E1 2.039917E-2 -2.591893E-1
2.853678E1 1.496389E-2 -2.593130E-1
2.855365E1 1.226865E-2 -2.598932E-1
2.857051E1 7.142427E-3 -2.599456E-1
2.858738E1 2.206838E-3 -2.599002E-1
2.860424E1 -2.426589E-3 -2.599541E-1
2.862111E1 -6.951340E-3 -2.597821E-1
2.863797E1 -1.114361E-2 -2.597396E-1
2.865484E1 -1.523615E-2 -2.596399E-1
2.867171E1 -1.936370E-2 -2.595648E-1
2.868857E1 -2.332958E-2 -2.596614E-1
2.870544E1 -2.854388E-2 -2.586706E-1
2.872230E1 -3.316395E-2 -2.580851E-1
2.873917E1 -3.622005E-2 -2.578606E-1
2.875603E1 -3.878016E-2 -2.578031E-1
2.877290E1 -4.284180E-2 -2.569112E-1
2.878977E1 -4.491666E-2 -2.569541E-1
2.880663E1 -4.788026E-2 -2.560947E-1
2.882350E1 -5.056300E-2 -2.553984E-1
2.884036E1 -5.157621E-2 -2.554174E-1
2.885723E1 -5.214487E-2 -2.552619E-1
2.887409E1 -5.240379E-2 -2.553282E-1
2.889096E1 -5.233669E-2 -2.553035E-1
2.890783E1 -5.210785E-2 -2.552389E-1
2.892469E1 -5.144424E-2 -2.553904E-1
2.894156E1 -5.052711E-2 -2.553800E-1
2.895842E1 -4.839487E-2 -2.562169E-1
2.897529E1 -4.697419E-2 -2.560354E-1
2.899215E1 -4.408892E-2 -2.569425E-1
2.900902E1 -4.234125E-2 -2.570682E-1
2.902589E1 -3.868794E-2 -2.577079E-1
2.904275E1 -3.629650E-2 -2.578755E-1
2.905962E1 -3.372808E-2 -2.579487E-1
2.907648E1 -2.948245E-2 -2.586630E-1
2.909335E1 -2.616149E-2 -2.587873E-1
2.911021E1 -2.272225E-2 -2.588171E-1
2.912708E1 -1.741222E-2 -2.597315E-1
2.914395E1 -1.312919E-2 -2.598203E-1
2.916081E1 -8.567188E-3 -2.597811E-1
2.917768E1 -3.887253E-3 -2.599042E-1
2.919454E1 1.146837E-3 -2.599264E-1
2.921141E1 6.495829E-3 -2.598655E-1
2.922827E1 1.146956E-2 -2.598799E-1
2.924514E1 1.673796E-2 -2.600121E-1
2.926201E1 2.000958E-2 -2.593514E-1
2.927887E1 2.504320E-2 -2.592573E-1
2.929574E1 2.774951E-2 -2.585989E-1
2.931260E1 3.169992E-2 -2.584593E-1
2.932947E1 3.317391E-2 -2.577151E-1
2.934633E1 3.663802E-2 -2.577849E-1
2.936320E1 3.805176E-2 -2.569703E-1
2.938007E1 4.062813E-2 -2.568933E-1
2.939693E1 4.303229E-2 -2.568634E-1
2.941380E1 4.298909E-2 -2.562478E-1
2.943066E1 4.456103E-2 -2.561678E-1
2.944753E1 4.592380E-2 -2.561663E-1
2.946439E1 4.638988E-2 -2.561148E-1
2.948126E1 4.649261E-2 -2.561170E-1
2.949813E1 4.613956E-2 -2.561990E-1
2.951499E1 4.513550E-2 -2.562780E-1
2.953186E1 4.317714E-2 -2.562932E-1
2.954872E1 4.273575E-2 -2.569682E-1
2.956559E1 3.972655E-2 -2.569905E-1
2.958245E1 3.817035E-2 -2.576984E-1
2.959932E1 3.395340E-2 -2.577552E-1
2.961619E1 3.153544E-2 -2.583831E-1
2.963305E1 2.682448E-2 -2.586046E-1
2.964992E1 2.450301E-2 -2.592257E-1
2.966678E1 1.907602E-2 -2.593647E-1
2.968365E1 1.379623E-2 -2.592999E-1
2.970051E1 1.093213E-2 -2.600088E-1
2.971738E1 5.725875E-3 -2.600929E-1
2.973425E1 1.161185E-3 -2.599643E-1
2.975111E1 -3.498628E-3 -2.600803E-1
2.976798E1 -7.764510E-3 -2.597730E-1
2.978484E1 -1.201442E-2 -2.597530E-1
2.980171E1 -1.573701E-2 -2.597741E-1
2.981857E1 -1.938753E-2 -2.595776E-1
2.983544E1 -2.269119E-2 -2.596842E-1
2.985231E1 -2.736765E-2 -2.588811E-1
2.986917E1 -3.027864E-2 -2.586533E-1
2.988604E1 -3.304312E-2 -2.586357E-1
2.990290E1 -3.707433E-2 -2.578896E-1
2.991977E1 -3.950213E-2 -2.577848E-1
2.993663E1 -4.305396E-2 -2.570118E-1
2.995350E1 -4.486724E-2 -2.569528E-1
2.997037E1 -4.764482E-2 -2.563881E-1
2.998723E1 -4.862555E-2 -2.559775E-1
3.000410E1 -5.062972E-2 -2.554572E-1
3.002096E1 -5.127156E-2 -2.552870E-1
3.003783E1 -5.140342E-2 -2.553297E-1
3.005469E1 -5.124462E-2 -2.552510E-1
3.007156E1 -5.083010E-2 -2.554793E-1
3.008843E1 -4.871768E-2 -2.559867E-1
3.010529E1 -4.727740E-2 -2.562048E-1
3.012216E1 -4.450308E-2 -2.567961E-1
3.013902E1 -4.272198E-2 -2.568539E-1
3.015589E1 -4.047821E-2 -2.570328E-1
3.017275E1 -3.689309E-2 -2.577753E-1
3.018962E1 -3.440852E-2 -2.578484E-1
3.020649E1 -3.030258E-2 -2.586617E-1
3.022335E1 -2.741727E-2 -2.588699E-1
3.024022E1 -2.423312E-2 -2.590596E-1
3.025708E1 -1.895365E-2 -2.596826E-1
3.027395E1 -1.528446E-2 -2.596849E-1
3.029081E1 -1.156096E-2 -2.598597E-1
3.030768E1 -7.556371E-3 -2.599473E-1
3.032455E1 -3.179434E-3 -2.599113E-1
3.034141E1 1.318595E-3 -2.598490E-1
3.035828E1 6.197068E-3 -2.599122E-1
3.037514E1 1.127238E-2 -2.599025E-1
3.039201E1 1.442481E-2 -2.593092E-1
3.040887E1 1.989648E-2 -2.592877E-1
3.042574E1 2.233119E-2 -2.585455E-1
3.044261E1 2.749867E-2 -2.585180E-1
3.045947E1 3.140423E-2 -2.583607E-1
3.047634E1 3.360463E-2 -2.577836E-1
3.049320E1 3.748353E-2 -2.577914E-1
3.051007E1 3.889943E-2 -2.569735E-1
3.052693E1 4.160948E-2 -2.568564E-1
3.054380E1 4.160441E-2 -2.562211E-1
3.056067E1 4.301094E-2 -2.561756E-1
3.057753E1 4.405047E-2 -2.560865E-1
3.059440E1 4.424863E-2 -2.561694E-1
3.061126E1 4.438941E-2 -2.561554E-1
3.062813E1 4.414178E-2 -2.561924E-1
3.064499E1 4.332671E-2 -2.562469E-1
3.066186E1 4.203078E-2 -2.562444E-1
3.067873E1 4.204673E-2 -2.568176E-1
3.069559E1 3.955983E-2 -2.569574E-1
3.071246E1 3.679389E-2 -2.570771E-1
3.072932E1 3.578118E-2 -2.577788E-1
3.074619E1 3.204839E-2 -2.577670E-1
3.076305E1 2.823741E-2 -2.577484E-1
3.077992E1 2.636625E-2 -2.584495E-1
3.079679E1 2.185025E-2 -2.586065E-1
3.081365E1 2.000697E-2 -2.592657E-1
3.083052E1 1.492045E-2 -2.593157E-1
3.084738E1 9.664744E-3 -2.592013E-1
3.086425E1 6.522229E-3 -2.599810E-1
3.088111E1 1.441548E-3 -2.598187E-1
3.089798E1 -3.278610E-3 -2.599117E-1
3.091485E1 -7.788527E-3 -2.597387E-1
3.093171E1 -1.210558E-2 -2.596915E-1
3.094858E1 -1.600428E-2 -2.597027E-1
3.096544E1 -1.981808E-2 -2.595848E-1
3.098231E1 -2.447144E-2 -2.588019E-1
3.099917E1 -2.773209E-2 -2.586560E-1
3.101604E1 -3.050275E-2 -2.586513E-1
3.103291E1 -3.447577E-2 -2.579202E-1
3.104977E1 -3.664638E-2 -2.579593E-1
3.106664E1 -3.864226E-2 -2.578060E-1
3.108350E1 -4.042437E-2 -2.577537E-1
3.110037E1 -4.335302E-2 -2.571371E-1
3.111723E1 -4.453345E-2 -2.568915E-1
3.113410E1 -4.582018E-2 -2.569051E-1
3.115097E1 -4.672274E-2 -2.568067E-1
3.116783E1 -4.831265E-2 -2.563343E-1
3.118470E1 -4.865150E-2 -2.560641E-1
3.120156E1 -4.867101E-2 -2.560498E-1
3.121843E1 -4.851359E-2 -2.563088E-1
3.123529E1 -4.770956E-2 -2.563679E-1
3.125216E1 -4.653299E-2 -2.562696E-1
3.126903E1 -4.399161E-2 -2.568662E-1
3.128589E1 -4.220154E-2 -2.569558E-1
3.130276E1 -3.874573E-2 -2.577111E-1
3.131962E1 -3.622885E-2 -2.578782E-1
3.133649E1 -3.204823E-2 -2.585933E-1
3.135335E1 -2.892353E-2 -2.588264E-1
3.137022E1 -2.427631E-2 -2.596153E-1
3.138709E1 -2.080456E-2 -2.597469E-1
3.140395E1 -1.726506E-2 -2.598116E-1
3.142082E1 -1.199121E-2 -2.604458E-1
3.143768E1 -8.132829E-3 -2.605788E-1
3.145455E1 -4.115111E-3 -2.606519E-1
3.147141E1 6.881707E-5 -2.607191E-1
3.148828E1 4.260336E-3 -2.606787E-1
3.150515E1 6.874304E-3 -2.600795E-1
3.152201E1 1.134033E-2 -2.599798E-1
3.153888E1 1.575435E-2 -2.599697E-1
3.155574E1 1.864838E-2 -2.593301E-1
3.157261E1 2.324991E-2 -2.592311E-1
3.158947E1 2.525508E-2 -2.586404E-1
3.160634E1 2.950486E-2 -2.584708E-1
3.162321E1 3.108767E-2 -2.578695E-1
3.164007E1 3.530837E-2 -2.577718E-1
3.165694E1 3.885377E-2 -2.576961E-1
3.167380E1 3.972175E-2 -2.569755E-1
3.169067E1 4.202655E-2 -2.569712E-1
3.170753E1 4.435857E-2 -2.569386E-1
3.172440E1 4.555513E-2 -2.568475E-1
3.174127E1 4.584064E-2 -2.569002E-1
3.175813E1 4.583103E-2 -2.569249E-1
3.177500E1 4.513489E-2 -2.569453E-1
3.179186E1 4.379089E-2 -2.570077E-1
3.180873E1 4.163046E-2 -2.572243E-1
3.182559E1 4.083907E-2 -2.576343E-1
3.184246E1 3.836162E-2 -2.578771E-1
3.185933E1 3.490737E-2 -2.578237E-1
3.187619E1 3.386374E-2 -2.585158E-1
3.189306E1 3.023027E-2 -2.586111E-1
3.190992E1 2.649557E-2 -2.586316E-1
3.192679E1 2.534782E-2 -2.592457E-1
3.194365E1 2.104466E-2 -2.594262E-1
3.196052E1 1.878954E-2 -2.600704E-1
3.197739E1 1.451999E-2 -2.601472E-1
3.199425E1 1.141460E-2 -2.606903E-1
3.201112E1 7.005684E-3 -2.608286E-1
3.202798E1 2.377388E-3 -2.609513E-1
3.204485E1 -1.865255E-3 -2.607425E-1
3.206171E1 -6.388421E-3 -2.607651E-1
3.207858E1 -1.081267E-2 -2.606720E-1
3.209545E1 -1.502271E-2 -2.605083E-1
3.211231E1 -2.042872E-2 -2.597775E-1
3.212918E1 -2.365226E-2 -2.596499E-1
3.214604E1 -2.723295E-2 -2.595146E-1
3.216291E1 -3.153300E-2 -2.588898E-1
3.217977E1 -3.386873E-2 -2.587224E-1
3.219664E1 -3.646465E-2 -2.585512E-1
3.221351E1 -3.961376E-2 -2.579586E-1
3.223037E1 -4.115424E-2 -2.578685E-1
3.224724E1 -4.250023E-2 -2.578918E-1
3.226410E1 -4.361189E-2 -2.577737E-1
3.228097E1 -4.450236E-2 -2.577852E-1
3.229783E1 -4.499765E-2 -2.578501E-1
3.231470E1 -4.522250E-2 -2.578201E-1
3.233157E1 -4.535808E-2 -2.577666E-1
3.234843E1 -4.521632E-2 -2.578253E-1
3.236530E1 -4.488684E-2 -2.578705E-1
3.238216E1 -4.422387E-2 -2.579153E-1
3.239903E1 -4.321092E-2 -2.579964E-1
3.241589E1 -4.200498E-2 -2.579226E-1
3.243276E1 -4.049679E-2 -2.580050E-1
3.244962E1 -3.733996E-2 -2.586329E-1
3.246649E1 -3.514275E-2 -2.588958E-1
3.248336E1 -3.267907E-2 -2.590001E-1
3.250022E1 -2.822477E-2 -2.596670E-1
3.251709E1 -2.505844E-2 -2.598262E-1
3.253395E1 -2.014327E-2 -2.604975E-1
3.255082E1 -1.626746E-2 -2.606332E-1
3.256768E1 -1.250412E-2 -2.607711E-1
3.258455E1 -8.365481E-3 -2.608203E-1
3.260142E1 -4.063086E-3 -2.608243E-1
3.261828E1 2.529133E-4 -2.608132E-1
3.263515E1 4.631007E-3 -2.607794E-1
3.265201E1 9.117193E-3 -2.608867E-1
3.266888E1 1.173194E-2 -2.602276E-1
3.268574E1 1.620593E-2 -2.600936E-1
3.270261E1 2.034740E-2 -2.599830E-1
3.271948E1 2.260258E-2 -2.594237E-1
3.273634E1 2.658848E-2 -2.592597E-1
3.275321E1 2.775273E-2 -2.586466E-1
3.277007E1 3.114713E-2 -2.585333E-1
3.278694E1 3.421078E-2 -2.585442E-1
3.280380E1 3.722043E-2 -2.584732E-1
3.282067E1 4.073847E-2 -2.577969E-1
3.283754E1 4.248058E-2 -2.577754E-1
3.285440E1 4.373331E-2 -2.576033E-1
3.287127E1 4.278509E-2 -2.572258E-1
3.288813E1 4.304544E-2 -2.571329E-1
3.290500E1 4.287995E-2 -2.571217E-1
3.292186E1 4.187525E-2 -2.571570E-1
3.293873E1 4.218247E-2 -2.576841E-1
3.295560E1 3.966164E-2 -2.577999E-1
3.297246E1 3.658804E-2 -2.578130E-1
3.298933E1 3.543723E-2 -2.585178E-1
3.300619E1 3.179713E-2 -2.585913E-1
3.302306E1 2.778294E-2 -2.586686E-1
3.303992E1 2.371689E-2 -2.587030E-1
3.305679E1 2.264508E-2 -2.593635E-1
3.307366E1 1.806818E-2 -2.593346E-1
3.309052E1 1.612912E-2 -2.600210E-1
3.310739E1 1.194727E-2 -2.601488E-1
3.312425E1 7.350916E-3 -2.600030E-1
3.314112E1 4.993856E-3 -2.608044E-1
3.315798E1 1.027739E-3 -2.608104E-1
3.317485E1 -2.991904E-3 -2.607564E-1
3.319172E1 -7.085620E-3 -2.607067E-1
3.320858E1 -1.064185E-2 -2.607185E-1
3.322545E1 -1.443417E-2 -2.605245E-1
3.324231E1 -1.809172E-2 -2.605131E-1
3.325918E1 -2.315692E-2 -2.597564E-1
3.327604E1 -2.607154E-2 -2.595873E-1
3.329291E1 -3.073084E-2 -2.588980E-1
3.330978E1 -3.324693E-2 -2.587562E-1
3.332664E1 -3.705191E-2 -2.579366E-1
3.334351E1 -3.893978E-2 -2.579504E-1
3.336037E1 -4.067132E-2 -2.578289E-1
3.337724E1 -4.232193E-2 -2.577320E-1
3.339410E1 -4.453592E-2 -2.569842E-1
3.341097E1 -4.526834E-2 -2.569075E-1
3.342784E1 -4.588341E-2 -2.570937E-1
3.344470E1 -4.585895E-2 -2.570577E-1
3.346157E1 -4.573527E-2 -2.570214E-1
3.347843E1 -4.536010E-2 -2.569167E-1
3.349530E1 -4.459448E-2 -2.569606E-1
3.351216E1 -4.378252E-2 -2.570093E-1
3.352903E1 -4.115372E-2 -2.577502E-1
3.354590E1 -3.973254E-2 -2.578935E-1
3.356276E1 -3.833891E-2 -2.580650E-1
3.357963E1 -3.652801E-2 -2.580850E-1
3.359649E1 -3.282052E-2 -2.586068E-1
3.361336E1 -3.071717E-2 -2.587730E-1
3.363022E1 -2.807672E-2 -2.588669E-1
3.364709E1 -2.362831E-2 -2.595293E-1
3.366396E1 -2.057149E-2 -2.597058E-1
3.368082E1 -1.722126E-2 -2.597664E-1
3.369769E1 -1.354997E-2 -2.597384E-1
3.371455E1 -9.574617E-3 -2.598328E-1
3.373142E1 -5.666057E-3 -2.599550E-1
3.374828E1 -1.142295E-3 -2.598833E-1
3.376515E1 3.334369E-3 -2.600245E-1
3.378202E1 8.057490E-3 -2.599294E-1
3.379888E1 1.245350E-2 -2.600258E-1
3.381575E1 1.721320E-2 -2.599198E-1
3.383261E1 1.955987E-2 -2.593203E-1
3.384948E1 2.367135E-2 -2.592909E-1
3.386634E1 2.468954E-2 -2.586221E-1
3.388321E1 2.830008E-2 -2.585382E-1
3.390008E1 3.202852E-2 -2.577849E-1
3.391694E1 3.437660E-2 -2.577302E-1
3.393381E1 3.682079E-2 -2.577304E-1
3.395067E1 3.640538E-2 -2.569799E-1
3.396754E1 3.923481E-2 -2.569870E-1
3.398440E1 3.993654E-2 -2.568689E-1
3.400127E1 4.017456E-2 -2.569626E-1
3.401814E1 4.013785E-2 -2.569839E-1
3.403500E1 3.967924E-2 -2.569581E-1
3.405187E1 3.809414E-2 -2.569987E-1
3.406873E1 3.635710E-2 -2.570119E-1
3.408560E1 3.589059E-2 -2.577600E-1
3.410246E1 3.294517E-2 -2.577453E-1
3.411933E1 2.950749E-2 -2.578040E-1
3.413620E1 2.829195E-2 -2.584461E-1
3.415306E1 2.434729E-2 -2.585856E-1
3.416993E1 2.016082E-2 -2.586131E-1
3.418679E1 1.830341E-2 -2.592897E-1
3.420366E1 1.368031E-2 -2.591816E-1
3.422052E1 9.251565E-3 -2.592548E-1
3.423739E1 6.874721E-3 -2.599044E-1
3.425426E1 2.538952E-3 -2.599542E-1
3.427112E1 -1.410159E-3 -2.598475E-1
3.428799E1 -5.360454E-3 -2.597856E-1
3.430485E1 -9.100100E-3 -2.598468E-1
3.432172E1 -1.235340E-2 -2.598001E-1
3.433858E1 -1.567733E-2 -2.597415E-1
3.435545E1 -1.892179E-2 -2.596362E-1
3.437232E1 -2.193677E-2 -2.595187E-1
3.438918E1 -2.478988E-2 -2.595101E-1
3.440605E1 -2.881543E-2 -2.587713E-1
3.442291E1 -3.124615E-2 -2.586678E-1
3.443978E1 -3.527414E-2 -2.578856E-1
3.445664E1 -3.705438E-2 -2.578712E-1
3.447351E1 -3.887830E-2 -2.578349E-1
3.449038E1 -4.064979E-2 -2.576946E-1
3.450724E1 -4.304274E-2 -2.570038E-1
3.452411E1 -4.395363E-2 -2.569534E-1
3.454097E1 -4.443942E-2 -2.568042E-1
3.455784E1 -4.474854E-2 -2.568859E-1
3.457470E1 -4.475775E-2 -2.569087E-1
3.459157E1 -4.439714E-2 -2.568257E-1
3.460844E1 -4.382200E-2 -2.569392E-1
3.462530E1 -4.288890E-2 -2.569507E-1
3.464217E1 -4.136237E-2 -2.570677E-1
3.465903E1 -3.848788E-2 -2.579372E-1
3.467590E1 -3.639127E-2 -2.579738E-1
3.469276E1 -3.441541E-2 -2.578906E-1
3.470963E1 -3.086748E-2 -2.587374E-1
3.472650E1 -2.838713E-2 -2.589183E-1
3.474336E1 -2.564023E-2 -2.589717E-1
3.476023E1 -2.153272E-2 -2.596277E-1
3.477709E1 -1.842398E-2 -2.597548E-1
3.479396E1 -1.511732E-2 -2.598540E-1
3.481082E1 -1.156208E-2 -2.598452E-1
3.482769E1 -7.870326E-3 -2.597850E-1
3.484456E1 -4.265163E-3 -2.599528E-1
3.486142E1 -2.648570E-4 -2.597990E-1
3.487829E1 3.880996E-3 -2.598354E-1
3.489515E1 8.027042E-3 -2.598764E-1
3.491202E1 1.247254E-2 -2.599790E-1
3.492888E1 1.535670E-2 -2.593016E-1
3.494575E1 1.975102E-2 -2.591966E-1
3.496262E1 2.402322E-2 -2.591337E-1
3.497948E1 2.532941E-2 -2.585855E-1
3.499635E1 2.909855E-2 -2.585358E-1
3.501321E1 3.242972E-2 -2.584701E-1
3.503008E1 3.524660E-2 -2.578276E-1
3.504694E1 3.735107E-2 -2.576951E-1
3.506381E1 3.867696E-2 -2.577550E-1
3.508068E1 3.961160E-2 -2.576712E-1
3.509754E1 4.002207E-2 -2.576783E-1
3.511441E1 4.011505E-2 -2.576850E-1
3.513127E1 3.994421E-2 -2.577529E-1
3.514814E1 3.935427E-2 -2.577590E-1
3.516500E1 3.854250E-2 -2.578238E-1
3.518187E1 3.709561E-2 -2.578978E-1
3.519874E1 3.677852E-2 -2.584320E-1
3.521560E1 3.494524E-2 -2.585785E-1
3.523247E1 3.237340E-2 -2.585728E-1
3.524933E1 2.963523E-2 -2.586680E-1
3.526620E1 2.638331E-2 -2.586875E-1
3.528306E1 2.544015E-2 -2.593052E-1
3.529993E1 2.154979E-2 -2.593500E-1
3.531680E1 1.930269E-2 -2.600281E-1
3.533366E1 1.506258E-2 -2.602161E-1
3.535053E1 1.055578E-2 -2.600626E-1
3.536739E1 5.978908E-3 -2.601399E-1
3.538426E1 3.399184E-3 -2.607140E-1
3.540112E1 -8.240233E-4 -2.607169E-1
3.541799E1 -4.858213E-3 -2.606931E-1
3.543486E1 -8.790968E-3 -2.605937E-1
3.545172E1 -1.257108E-2 -2.605872E-1
3.546859E1 -1.601836E-2 -2.604845E-1
3.548545E1 -2.032498E-2 -2.597683E-1
3.550232E1 -2.325965E-2 -2.598058E-1
3.551918E1 -2.567066E-2 -2.596434E-1
3.553605E1 -2.818034E-2 -2.595506E-1
3.555292E1 -3.067367E-2 -2.594456E-1
3.556978E1 -3.388561E-2 -2.588490E-1
3.558665E1 -3.538054E-2 -2.587317E-1
3.560351E1 -3.709120E-2 -2.586995E-1
3.562038E1 -3.850303E-2 -2.585962E-1
3.563724E1 -4.055568E-2 -2.580286E-1
3.565411E1 -4.144646E-2 -2.579910E-1
3.567098E1 -4.206371E-2 -2.578322E-1
3.568784E1 -4.245413E-2 -2.578438E-1
3.570471E1 -4.256734E-2 -2.578214E-1
3.572157E1 -4.244288E-2 -2.578562E-1
3.573844E1 -4.185068E-2 -2.579311E-1
3.575530E1 -4.074213E-2 -2.579935E-1
3.577217E1 -3.955479E-2 -2.579616E-1
3.578904E1 -3.826694E-2 -2.581545E-1
3.580590E1 -3.494712E-2 -2.587481E-1
3.582277E1 -3.289867E-2 -2.587796E-1
3.583963E1 -3.054138E-2 -2.588772E-1
3.585650E1 -2.630976E-2 -2.596162E-1
3.587336E1 -2.367548E-2 -2.596525E-1
3.589023E1 -1.899298E-2 -2.605068E-1
3.590710E1 -1.571966E-2 -2.606270E-1
3.592396E1 -1.253439E-2 -2.606801E-1
3.594083E1 -9.169748E-3 -2.607737E-1
3.595769E1 -5.515871E-3 -2.607075E-1
3.597456E1 -1.929307E-3 -2.606636E-1
3.599142E1 1.868438E-3 -2.607731E-1
3.600829E1 5.698366E-3 -2.607791E-1
3.602516E1 7.738355E-3 -2.601094E-1
3.604202E1 1.168459E-2 -2.601533E-1
3.605889E1 1.584723E-2 -2.600308E-1
3.607575E1 1.796603E-2 -2.593453E-1
3.609262E1 2.194763E-2 -2.593218E-1
3.610948E1 2.560774E-2 -2.591826E-1
3.612635E1 2.658094E-2 -2.586868E-1
3.614322E1 3.029642E-2 -2.585636E-1
3.616008E1 3.345981E-2 -2.585160E-1
3.617695E1 3.590319E-2 -2.585342E-1
3.619381E1 3.792546E-2 -2.584751E-1
3.621068E1 3.717747E-2 -2.578675E-1
3.622754E1 3.844022E-2 -2.579129E-1
3.624441E1 3.918479E-2 -2.578821E-1
3.626128E1 3.918587E-2 -2.578952E-1
3.627814E1 3.885308E-2 -2.578222E-1
3.629501E1 3.758950E-2 -2.579285E-1
3.631187E1 3.649834E-2 -2.577964E-1
3.632874E1 3.425328E-2 -2.579079E-1
3.634560E1 3.215979E-2 -2.578749E-1
3.636247E1 3.191455E-2 -2.584239E-1
3.637934E1 2.901468E-2 -2.584803E-1
3.639620E1 2.645097E-2 -2.585873E-1
3.641307E1 2.314962E-2 -2.585669E-1
3.642993E1 2.244152E-2 -2.593331E-1
3.644680E1 1.870142E-2 -2.593270E-1
3.646366E1 1.726269E-2 -2.599801E-1
3.648053E1 1.313736E-2 -2.600123E-1
3.649740E1 8.957504E-3 -2.599767E-1
3.651426E1 7.010218E-3 -2.607690E-1
3.653113E1 2.818724E-3 -2.607889E-1
3.654799E1 -1.104546E-3 -2.606952E-1
3.656486E1 -4.985377E-3 -2.607931E-1
3.658172E1 -8.933442E-3 -2.606816E-1
3.659859E1 -1.246916E-2 -2.606031E-1
3.661546E1 -1.755887E-2 -2.599589E-1
3.663232E1 -2.077375E-2 -2.597777E-1
3.664919E1 -2.351200E-2 -2.596631E-1
3.666605E1 -2.619204E-2 -2.594881E-1
3.668292E1 -3.023969E-2 -2.587286E-1
3.669978E1 -3.214346E-2 -2.587527E-1
3.671665E1 -3.405279E-2 -2.587362E-1
3.673352E1 -3.538694E-2 -2.586028E-1
3.675038E1 -3.689985E-2 -2.585499E-1
3.676725E1 -3.803723E-2 -2.585575E-1
3.678411E1 -3.892508E-2 -2.585384E-1
3.680098E1 -4.073683E-2 -2.580795E-1
3.681784E1 -4.118598E-2 -2.578872E-1
3.683471E1 -4.122817E-2 -2.578923E-1
3.685158E1 -4.124088E-2 -2.578904E-1
3.686844E1 -4.113637E-2 -2.578464E-1
3.688531E1 -4.063559E-2 -2.579641E-1
3.690217E1 -3.986437E-2 -2.580333E-1
3.691904E1 -3.880875E-2 -2.579541E-1
3.693590E1 -3.741872E-2 -2.580429E-1
3.695277E1 -3.436670E-2 -2.587613E-1
3.696964E1 -3.232341E-2 -2.587875E-1
3.698650E1 -3.022794E-2 -2.587184E-1
3.700337E1 -2.608791E-2 -2.595372E-1
3.702023E1 -2.353689E-2 -2.598048E-1
3.703710E1 -2.042872E-2 -2.597478E-1
3.705396E1 -1.723067E-2 -2.598332E-1
3.707083E1 -1.215704E-2 -2.605571E-1
3.708770E1 -8.604127E-3 -2.605616E-1
3.710456E1 -4.915465E-3 -2.607412E-1
3.712143E1 -1.208472E-3 -2.607109E-1
3.713829E1 2.736964E-3 -2.607956E-1
3.715516E1 6.888318E-3 -2.608021E-1
3.717202E1 1.043304E-2 -2.607617E-1
3.718889E1 1.235099E-2 -2.600481E-1
3.720576E1 1.614895E-2 -2.600909E-1
3.722262E1 1.985829E-2 -2.599564E-1
3.723949E1 2.094060E-2 -2.594607E-1
3.725635E1 2.444676E-2 -2.593388E-1
3.727322E1 2.478843E-2 -2.586334E-1
3.729008E1 2.780558E-2 -2.585881E-1
3.730695E1 3.032170E-2 -2.585379E-1
3.732382E1 3.283930E-2 -2.585532E-1
3.734068E1 3.510683E-2 -2.585742E-1
3.735755E1 3.708433E-2 -2.585518E-1
3.737441E1 3.822759E-2 -2.585251E-1
3.739128E1 3.911076E-2 -2.585799E-1
3.740814E1 3.932488E-2 -2.585638E-1
3.742501E1 3.931873E-2 -2.585791E-1
3.744188E1 3.869901E-2 -2.586061E-1
3.745874E1 3.712481E-2 -2.586875E-1
3.747561E1 3.527446E-2 -2.586637E-1
3.749247E1 3.314373E-2 -2.586431E-1
3.750934E1 3.014117E-2 -2.587387E-1
3.752620E1 2.724926E-2 -2.586803E-1
3.754307E1 2.676221E-2 -2.593132E-1
3.755993E1 2.360183E-2 -2.593947E-1
3.757680E1 1.966130E-2 -2.593795E-1
3.759367E1 1.828733E-2 -2.600958E-1
3.761053E1 1.462738E-2 -2.601324E-1
3.762740E1 1.051561E-2 -2.600805E-1
3.764426E1 8.671036E-3 -2.607592E-1
3.766113E1 5.188266E-3 -2.608580E-1
3.767799E1 1.684513E-3 -2.609240E-1
3.769486E1 -2.071259E-3 -2.608147E-1
3.771173E1 -5.549522E-3 -2.607938E-1
3.772859E1 -9.069348E-3 -2.607874E-1
3.774546E1 -1.234650E-2 -2.607192E-1
3.776232E1 -1.529300E-2 -2.605002E-1
3.777919E1 -1.856136E-2 -2.604051E-1
3.779605E1 -2.322271E-2 -2.598152E-1
3.781292E1 -2.563466E-2 -2.596951E-1
3.782979E1 -2.823775E-2 -2.595407E-1
3.784665E1 -3.197931E-2 -2.587564E-1
3.786352E1 -3.381133E-2 -2.587420E-1
3.788038E1 -3.551178E-2 -2.586228E-1
3.789725E1 -3.709866E-2 -2.585304E-1
3.791411E1 -3.922188E-2 -2.581744E-1
3.793098E1 -3.975190E-2 -2.580088E-1
3.794785E1 -4.019663E-2 -2.580704E-1
3.796471E1 -4.017048E-2 -2.580295E-1
3.798158E1 -4.002526E-2 -2.579914E-1
3.799844E1 -3.972106E-2 -2.579347E-1
3.801531E1 -3.941057E-2 -2.578482E-1
3.803217E1 -3.868575E-2 -2.579219E-1
3.804904E1 -3.784720E-2 -2.579294E-1
3.806591E1 -3.518045E-2 -2.587596E-1
3.808277E1 -3.368803E-2 -2.586713E-1
3.809964E1 -3.226905E-2 -2.587798E-1
3.811650E1 -3.051447E-2 -2.587943E-1
3.813337E1 -2.862589E-2 -2.587587E-1
3.815023E1 -2.630542E-2 -2.588785E-1
3.816710E1 -2.208100E-2 -2.596456E-1
3.818397E1 -1.926741E-2 -2.598375E-1
3.820083E1 -1.618956E-2 -2.597321E-1
3.821770E1 -1.301241E-2 -2.598248E-1
3.823456E1 -9.433587E-3 -2.597638E-1
3.825143E1 -6.029626E-3 -2.597939E-1
3.826829E1 -2.313364E-3 -2.599702E-1
3.828516E1 1.762349E-3 -2.600193E-1
3.830203E1 5.768959E-3 -2.600654E-1
3.831889E1 9.788863E-3 -2.599070E-1
3.833576E1 1.381943E-2 -2.599559E-1
3.835262E1 1.558864E-2 -2.592607E-1
3.836949E1 1.899057E-2 -2.592206E-1
3.838635E1 2.225740E-2 -2.592143E-1
3.840322E1 2.535728E-2 -2.591679E-1
3.842009E1 2.542516E-2 -2.586268E-1
3.843695E1 2.784387E-2 -2.585736E-1
3.845382E1 2.986342E-2 -2.584437E-1
3.847068E1 3.175816E-2 -2.585205E-1
3.848755E1 3.343639E-2 -2.585338E-1
3.850441E1 3.481087E-2 -2.584711E-1
3.852128E1 3.579379E-2 -2.585803E-1
3.853815E1 3.648805E-2 -2.585362E-1
3.855501E1 3.671559E-2 -2.585953E-1
3.857188E1 3.675531E-2 -2.586016E-1
3.858874E1 3.664896E-2 -2.586238E-1
3.860561E1 3.567000E-2 -2.585957E-1
3.862247E1 3.406246E-2 -2.585997E-1
3.863934E1 3.203500E-2 -2.586675E-1
3.865621E1 2.975287E-2 -2.586659E-1
3.867307E1 2.655549E-2 -2.586347E-1
3.868994E1 2.657654E-2 -2.593536E-1
3.870680E1 2.279318E-2 -2.594103E-1
3.872367E1 2.115185E-2 -2.599959E-1
3.874053E1 1.749871E-2 -2.601348E-1
3.875740E1 1.355615E-2 -2.601858E-1
3.877427E1 9.496895E-3 -2.601447E-1
3.879113E1 7.219487E-3 -2.606426E-1
3.880800E1 3.534739E-3 -2.607705E-1
3.882486E1 5.070322E-5 -2.608200E-1
3.884173E1 -3.549003E-3 -2.607116E-1
3.885859E1 -6.745383E-3 -2.608225E-1
3.887546E1 -9.840232E-3 -2.607450E-1
3.889233E1 -1.290020E-2 -2.606325E-1
3.890919E1 -1.576106E-2 -2.606021E-1
3.892606E1 -1.847663E-2 -2.605093E-1
3.894292E1 -2.130112E-2 -2.603809E-1
3.895979E1 -2.511734E-2 -2.599226E-1
3.897665E1 -2.742600E-2 -2.597158E-1
3.899352E1 -2.948387E-2 -2.594658E-1
3.901039E1 -3.277418E-2 -2.587524E-1
3.902725E1 -3.439987E-2 -2.586997E-1
3.904412E1 -3.590635E-2 -2.587084E-1
3.906098E1 -3.728149E-2 -2.585739E-1
3.907785E1 -3.947493E-2 -2.579573E-1
3.909471E1 -3.985757E-2 -2.580476E-1
3.911158E1 -3.996666E-2 -2.580127E-1
3.912845E1 -3.990184E-2 -2.579788E-1
3.914531E1 -3.963976E-2 -2.579421E-1
3.916218E1 -3.919152E-2 -2.580978E-1
3.917904E1 -3.818190E-2 -2.580785E-1
3.919591E1 -3.403255E-2 -2.587569E-1
3.921277E1 -3.241889E-2 -2.588551E-1
3.922964E1 -3.074499E-2 -2.588834E-1
3.924651E1 -2.873947E-2 -2.588410E-1
3.926337E1 -2.497889E-2 -2.596897E-1
3.928024E1 -2.259751E-2 -2.597714E-1
3.929710E1 -2.028059E-2 -2.596406E-1
3.931397E1 -1.763922E-2 -2.599016E-1
3.933083E1 -1.477730E-2 -2.598252E-1
3.934770E1 -1.171508E-2 -2.599454E-1
3.936457E1 -8.364881E-3 -2.599701E-1
3.938143E1 -5.115654E-3 -2.600322E-1
3.939830E1 -1.335318E-3 -2.599173E-1
3.941516E1 2.155447E-3 -2.598928E-1
3.943203E1 5.829171E-3 -2.600228E-1
3.944889E1 9.714740E-3 -2.599372E-1
3.946576E1 1.359845E-2 -2.599815E-1
3.948263E1 1.588897E-2 -2.593800E-1
3.949949E1 1.933765E-2 -2.592622E-1
3.951636E1 2.280403E-2 -2.592167E-1
3.953322E1 2.397146E-2 -2.586321E-1
3.955009E1 2.647558E-2 -2.585217E-1
3.956695E1 2.891672E-2 -2.584409E-1
3.958382E1 3.082330E-2 -2.584943E-1
3.960069E1 3.242118E-2 -2.583966E-1
3.961755E1 3.374875E-2 -2.584664E-1
3.963442E1 3.439610E-2 -2.585279E-1
3.965128E1 3.494225E-2 -2.585666E-1
3.966815E1 3.510828E-2 -2.585535E-1
3.968501E1 3.504236E-2 -2.585760E-1
3.970188E1 3.488491E-2 -2.585343E-1
3.971875E1 3.416166E-2 -2.586485E-1
3.973561E1 3.290516E-2 -2.586361E-1
3.975248E1 3.132155E-2 -2.586392E-1
3.976934E1 2.976104E-2 -2.586611E-1
3.978621E1 2.756966E-2 -2.587410E-1
3.980307E1 2.766543E-2 -2.593021E-1
3.981994E1 2.481028E-2 -2.593699E-1
3.983681E1 2.141113E-2 -2.594087E-1
3.985367E1 2.040162E-2 -2.600272E-1
3.987054E1 1.662256E-2 -2.602552E-1
3.988740E1 1.272415E-2 -2.601916E-1
3.990427E1 1.064083E-2 -2.607024E-1
3.992113E1 6.923409E-3 -2.607765E-1
3.993800E1 3.175600E-3 -2.608656E-1
3.995487E1 -6.394117E-4 -2.608470E-1
3.997173E1 -4.211632E-3 -2.608363E-1
3.998860E1 -7.654475E-3 -2.607896E-1
4.000546E1 -1.089161E-2 -2.606919E-1
4.002233E1 -1.392199E-2 -2.605888E-1
4.003919E1 -1.680975E-2 -2.605272E-1
4.005606E1 -1.952126E-2 -2.604125E-1
4.007293E1 -2.213436E-2 -2.603132E-1
4.008979E1 -2.552998E-2 -2.597636E-1
4.010666E1 -2.743204E-2 -2.597635E-1
4.012352E1 -2.920204E-2 -2.597068E-1
4.014039E1 -3.082661E-2 -2.595619E-1
4.015725E1 -3.388148E-2 -2.588431E-1
4.017412E1 -3.502729E-2 -2.588814E-1
4.019099E1 -3.564052E-2 -2.587752E-1
4.020785E1 -3.659688E-2 -2.587020E-1
4.022472E1 -3.731002E-2 -2.586660E-1
4.024158E1 -3.763300E-2 -2.586103E-1
4.025845E1 -3.772003E-2 -2.586241E-1
4.027531E1 -3.763345E-2 -2.586448E-1
4.029218E1 -3.716601E-2 -2.586916E-1
4.030905E1 -3.634171E-2 -2.587652E-1
