0.000000E0 1.273492E-1 -2.299851E-1
1.713694E-2 1.263970E-1 -2.291527E-1
3.427389E-2 1.261959E-1 -2.294212E-1
5.141083E-2 1.199867E-1 -2.309188E-1
6.854777E-2 1.151022E-1 -2.339448E-1
8.568472E-2 1.112750E-1 -2.369034E-1
1.028217E-1 1.039635E-1 -2.398348E-1
1.199586E-1 9.699295E-2 -2.424327E-1
1.370955E-1 8.690435E-2 -2.449648E-1
1.542325E-1 7.695626E-2 -2.475602E-1
1.713694E-1 6.755237E-2 -2.506511E-1
1.885064E-1 5.623531E-2 -2.539036E-1
2.056433E-1 4.517132E-2 -2.550082E-1
2.227803E-1 3.357123E-2 -2.558942E-1
2.399172E-1 1.986764E-2 -2.567656E-1
2.570541E-1 7.378635E-3 -2.573286E-1
2.741911E-1 -6.155706E-3 -2.571966E-1
2.913280E-1 -1.817441E-2 -2.559404E-1
3.084650E-1 -3.014441E-2 -2.538916E-1
3.256019E-1 -4.147668E-2 -2.517334E-1
3.427389E-1 -5.405046E-2 -2.496423E-1
3.598758E-1 -6.249160E-2 -2.475046E-1
3.770128E-1 -7.250101E-2 -2.438620E-1
3.941497E-1 -8.087214E-2 -2.404872E-1
4.112866E-1 -8.786932E-2 -2.377468E-1
4.284236E-1 -9.508496E-2 -2.347575E-1
4.455605E-1 -9.912902E-2 -2.330313E-1
4.626975E-1 -1.032870E-1 -2.309628E-1
4.798344E-1 -1.065915E-1 -2.287231E-1
4.969714E-1 -1.086137E-1 -2.273945E-1
5.141083E-1 -1.097494E-1 -2.266154E-1
5.312452E-1 -1.099805E-1 -2.266163E-1
5.483822E-1 -1.094227E-1 -2.268705E-1
5.655191E-1 -1.077335E-1 -2.275079E-1
5.826561E-1 -1.047946E-1 -2.287118E-1
5.997930E-1 -1.009265E-1 -2.301612E-1
6.169300E-1 -9.657437E-2 -2.323630E-1
6.340669E-1 -9.140601E-2 -2.347653E-1
6.512038E-1 -8.491021E-2 -2.374800E-1
6.683408E-1 -7.757855E-2 -2.398278E-1
6.854777E-1 -6.902997E-2 -2.424692E-1
7.026147E-1 -6.034640E-2 -2.453902E-1
7.197516E-1 -5.071961E-2 -2.482648E-1
7.368886E-1 -3.990153E-2 -2.503566E-1
7.540255E-1 -3.313173E-2 -2.523915E-1
7.711624E-1 -1.839776E-2 -2.536143E-1
7.882994E-1 -6.518110E-3 -2.549543E-1
8.054363E-1 5.982952E-3 -2.555258E-1
8.225733E-1 1.796642E-2 -2.554301E-1
8.397102E-1 2.973150E-2 -2.546246E-1
8.568472E-1 4.213620E-2 -2.530379E-1
8.739841E-1 5.187703E-2 -2.521565E-1
8.911211E-1 6.182975E-2 -2.504454E-1
9.082580E-1 7.204485E-2 -2.481693E-1
9.253949E-1 8.093640E-2 -2.458322E-1
9.425319E-1 8.902495E-2 -2.434571E-1
9.596688E-1 9.752634E-2 -2.408427E-1
9.768058E-1 1.029255E-1 -2.390281E-1
9.939427E-1 1.077533E-1 -2.376178E-1
1.011080E0 1.124495E-1 -2.352872E-1
1.028217E0 1.149883E-1 -2.345263E-1
1.045354E0 1.171231E-1 -2.337346E-1
1.062490E0 1.176833E-1 -2.336437E-1
1.079627E0 1.177465E-1 -2.337430E-1
1.096764E0 1.163334E-1 -2.344454E-1
1.113901E0 1.129788E-1 -2.360660E-1
1.131038E0 1.093449E-1 -2.375452E-1
1.148175E0 1.050703E-1 -2.389377E-1
1.165312E0 9.941731E-2 -2.412398E-1
1.182449E0 9.251881E-2 -2.436332E-1
1.199586E0 8.491843E-2 -2.458971E-1
1.216723E0 7.686124E-2 -2.482880E-1
1.233860E0 6.725602E-2 -2.504523E-1
1.250997E0 5.652705E-2 -2.526168E-1
1.268134E0 4.632480E-2 -2.543522E-1
1.285271E0 3.467165E-2 -2.554464E-1
1.302408E0 2.228584E-2 -2.562665E-1
1.319545E0 1.156040E-2 -2.567933E-1
1.336682E0 -1.845661E-3 -2.563805E-1
1.353819E0 -1.351470E-2 -2.557581E-1
1.370955E0 -2.500763E-2 -2.545372E-1
1.388092E0 -3.513199E-2 -2.530016E-1
1.405229E0 -4.793292E-2 -2.502771E-1
1.422366E0 -5.661997E-2 -2.481479E-1
1.439503E0 -6.599826E-2 -2.452675E-1
1.456640E0 -7.426204E-2 -2.424715E-1
1.473777E0 -8.213207E-2 -2.394942E-1
1.490914E0 -8.744613E-2 -2.373802E-1
1.508051E0 -9.490441E-2 -2.338762E-1
1.525188E0 -9.924057E-2 -2.316494E-1
1.542325E0 -1.032148E-1 -2.296525E-1
1.559462E0 -1.045565E-1 -2.287829E-1
1.576599E0 -1.067889E-1 -2.274190E-1
1.593736E0 -1.066564E-1 -2.273496E-1
1.610873E0 -1.063812E-1 -2.274846E-1
1.628010E0 -1.044775E-1 -2.280576E-1
1.645147E0 -1.027305E-1 -2.289630E-1
1.662283E0 -9.793192E-2 -2.308469E-1
1.679420E0 -9.421160E-2 -2.323545E-1
1.696557E0 -8.902731E-2 -2.344721E-1
1.713694E0 -8.338123E-2 -2.368832E-1
1.730831E0 -7.658881E-2 -2.394763E-1
1.747968E0 -6.903573E-2 -2.419325E-1
1.765105E0 -6.094999E-2 -2.446228E-1
1.782242E0 -5.158447E-2 -2.470490E-1
1.799379E0 -4.193768E-2 -2.494287E-1
1.816516E0 -3.128710E-2 -2.512800E-1
1.833653E0 -2.108538E-2 -2.530503E-1
1.850790E0 -1.038301E-2 -2.541988E-1
1.867927E0 1.970329E-3 -2.549408E-1
1.885064E0 1.257867E-2 -2.553899E-1
1.902201E0 2.522641E-2 -2.547802E-1
1.919338E0 3.661803E-2 -2.540783E-1
1.936475E0 4.626965E-2 -2.528440E-1
1.953612E0 5.691079E-2 -2.513787E-1
1.970748E0 6.615342E-2 -2.496383E-1
1.987885E0 7.575369E-2 -2.474604E-1
2.005022E0 8.424331E-2 -2.453306E-1
2.022159E0 9.171789E-2 -2.431461E-1
2.039296E0 9.840434E-2 -2.406271E-1
2.056433E0 1.033394E-1 -2.392643E-1
2.073570E0 1.073898E-1 -2.375432E-1
2.090707E0 1.111604E-1 -2.361543E-1
2.107844E0 1.133066E-1 -2.353199E-1
2.124981E0 1.138830E-1 -2.351801E-1
2.142118E0 1.140548E-1 -2.352445E-1
2.159255E0 1.136785E-1 -2.355614E-1
2.176392E0 1.109495E-1 -2.365878E-1
2.193529E0 1.084444E-1 -2.377597E-1
2.210666E0 1.044002E-1 -2.391571E-1
2.227803E0 9.859580E-2 -2.412642E-1
2.244940E0 9.207022E-2 -2.435203E-1
2.262077E0 8.462018E-2 -2.457824E-1
2.279213E0 7.803754E-2 -2.476066E-1
2.296350E0 6.702857E-2 -2.503249E-1
2.313487E0 5.742955E-2 -2.522480E-1
2.330624E0 4.741433E-2 -2.538928E-1
2.347761E0 3.624831E-2 -2.551393E-1
2.364898E0 2.565226E-2 -2.558957E-1
2.382035E0 1.340263E-2 -2.561882E-1
2.399172E0 3.256341E-3 -2.562432E-1
2.416309E0 -9.951368E-3 -2.556679E-1
2.433446E0 -2.145573E-2 -2.544852E-1
2.450583E0 -3.122757E-2 -2.529945E-1
2.467720E0 -4.193443E-2 -2.509437E-1
2.484857E0 -5.338362E-2 -2.481605E-1
2.501994E0 -6.153433E-2 -2.459643E-1
2.519131E0 -6.866828E-2 -2.440194E-1
2.536268E0 -7.792096E-2 -2.403328E-1
2.553405E0 -8.368628E-2 -2.380791E-1
2.570541E0 -8.743408E-2 -2.366747E-1
2.587678E0 -9.213757E-2 -2.346190E-1
2.604815E0 -9.633289E-2 -2.323613E-1
2.621952E0 -9.920819E-2 -2.308639E-1
2.639089E0 -1.016525E-1 -2.295554E-1
2.656226E0 -1.029687E-1 -2.287400E-1
2.673363E0 -1.015530E-1 -2.294495E-1
2.690500E0 -1.024117E-1 -2.288225E-1
2.707637E0 -9.923239E-2 -2.301169E-1
2.724774E0 -9.711883E-2 -2.309992E-1
2.741911E0 -9.258265E-2 -2.329849E-1
2.759048E0 -8.695372E-2 -2.352282E-1
2.776185E0 -8.160514E-2 -2.373014E-1
2.793322E0 -7.601494E-2 -2.395284E-1
2.810459E0 -6.874605E-2 -2.419710E-1
2.827596E0 -6.058650E-2 -2.444370E-1
2.844733E0 -5.190746E-2 -2.466860E-1
2.861870E0 -4.286810E-2 -2.489337E-1
2.879006E0 -3.246568E-2 -2.507048E-1
2.896143E0 -2.204531E-2 -2.524847E-1
2.913280E0 -1.174454E-2 -2.537224E-1
2.930417E0 -2.742591E-3 -2.548549E-1
2.947554E0 7.628435E-3 -2.555124E-1
2.964691E0 1.944460E-2 -2.553796E-1
2.981828E0 2.872590E-2 -2.552216E-1
2.998965E0 3.771601E-2 -2.550525E-1
3.016102E0 4.922843E-2 -2.534883E-1
3.033239E0 5.886853E-2 -2.519829E-1
3.050376E0 6.778261E-2 -2.504047E-1
3.067513E0 7.661710E-2 -2.482969E-1
3.084650E0 8.477182E-2 -2.459934E-1
3.101787E0 9.085589E-2 -2.445119E-1
3.118924E0 9.594652E-2 -2.428722E-1
3.136061E0 1.005501E-1 -2.414996E-1
3.153198E0 1.043457E-1 -2.397620E-1
3.170335E0 1.068435E-1 -2.390321E-1
3.187471E0 1.086354E-1 -2.385795E-1
3.204608E0 1.089354E-1 -2.382908E-1
3.221745E0 1.086462E-1 -2.385815E-1
3.238882E0 1.069390E-1 -2.391384E-1
3.256019E0 1.043414E-1 -2.398138E-1
3.273156E0 1.005558E-1 -2.414362E-1
3.290293E0 9.568166E-2 -2.427638E-1
3.307430E0 9.220496E-2 -2.435112E-1
3.324567E0 8.474283E-2 -2.457585E-1
3.341704E0 7.652807E-2 -2.480087E-1
3.358841E0 6.875340E-2 -2.497356E-1
3.375978E0 5.850621E-2 -2.519735E-1
3.393115E0 4.838375E-2 -2.535989E-1
3.410252E0 3.689962E-2 -2.550587E-1
3.427389E0 2.728300E-2 -2.554871E-1
3.444526E0 1.648037E-2 -2.556759E-1
3.461663E0 5.302134E-3 -2.556776E-1
3.478799E0 -6.814597E-3 -2.552015E-1
3.495936E0 -1.716172E-2 -2.541661E-1
3.513073E0 -2.744717E-2 -2.529025E-1
3.530210E0 -4.618572E-2 -2.494491E-1
3.547347E0 -5.597310E-2 -2.468054E-1
3.564484E0 -7.196233E-2 -2.417178E-1
3.581621E0 -7.829047E-2 -2.395561E-1
3.598758E0 -8.469829E-2 -2.367990E-1
3.615895E0 -8.962272E-2 -2.345202E-1
3.633032E0 -9.281880E-2 -2.331583E-1
3.650169E0 -9.592827E-2 -2.317199E-1
3.667306E0 -9.723078E-2 -2.309015E-1
3.684443E0 -9.730492E-2 -2.309132E-1
3.701580E0 -9.700547E-2 -2.308240E-1
3.718717E0 -9.529801E-2 -2.317104E-1
3.735854E0 -9.337704E-2 -2.323126E-1
3.752991E0 -9.029149E-2 -2.337029E-1
3.770128E0 -8.603737E-2 -2.352949E-1
3.787264E0 -8.081942E-2 -2.373820E-1
3.804401E0 -7.526131E-2 -2.395605E-1
3.821538E0 -6.702725E-2 -2.422717E-1
3.838675E0 -6.018351E-2 -2.444450E-1
3.855812E0 -5.192604E-2 -2.466443E-1
3.872949E0 -4.305156E-2 -2.487634E-1
3.890086E0 -3.372690E-2 -2.504090E-1
3.907223E0 -2.361554E-2 -2.522322E-1
3.924360E0 -1.413373E-2 -2.534683E-1
3.941497E0 -2.988133E-3 -2.544242E-1
3.958634E0 7.709534E-3 -2.549869E-1
3.975771E0 1.683673E-2 -2.552966E-1
3.992908E0 2.664004E-2 -2.552221E-1
4.010045E0 3.747873E-2 -2.543539E-1
4.027182E0 4.862831E-2 -2.528187E-1
4.044319E0 5.661235E-2 -2.519380E-1
4.061456E0 6.710510E-2 -2.496589E-1
4.078593E0 7.467882E-2 -2.484161E-1
4.095729E0 8.137516E-2 -2.467580E-1
4.112866E0 8.862116E-2 -2.445311E-1
4.130003E0 9.393475E-2 -2.431148E-1
4.147140E0 9.838600E-2 -2.413505E-1
4.164277E0 1.014990E-1 -2.405662E-1
4.181414E0 1.037580E-1 -2.397760E-1
4.198551E0 1.058275E-1 -2.390480E-1
4.215688E0 1.061589E-1 -2.390981E-1
4.232825E0 1.057180E-1 -2.393528E-1
4.249962E0 1.041122E-1 -2.399071E-1
4.267099E0 1.017257E-1 -2.406496E-1
4.284236E0 9.875644E-2 -2.414915E-1
4.301373E0 9.409423E-2 -2.428876E-1
4.318510E0 8.911111E-2 -2.443082E-1
4.335647E0 8.180002E-2 -2.465037E-1
4.352784E0 7.506997E-2 -2.481981E-1
4.369921E0 6.749144E-2 -2.498116E-1
4.387057E0 5.717490E-2 -2.519958E-1
4.404194E0 4.879692E-2 -2.531718E-1
4.421331E0 3.832491E-2 -2.543669E-1
4.438468E0 2.824351E-2 -2.552341E-1
4.455605E0 1.800952E-2 -2.555025E-1
4.472742E0 7.291950E-3 -2.555479E-1
4.489879E0 -4.031219E-3 -2.549796E-1
4.507016E0 -1.357309E-2 -2.541845E-1
4.524153E0 -2.389326E-2 -2.529474E-1
4.541290E0 -3.283196E-2 -2.515305E-1
4.558427E0 -4.295894E-2 -2.494718E-1
4.575564E0 -5.191947E-2 -2.473423E-1
4.592701E0 -6.000922E-2 -2.451179E-1
4.609838E0 -6.678840E-2 -2.430347E-1
4.626975E0 -7.453021E-2 -2.403378E-1
4.644112E0 -8.015213E-2 -2.381542E-1
4.661249E0 -8.237099E-2 -2.373421E-1
4.678386E0 -8.846192E-2 -2.346059E-1
4.695522E0 -9.036399E-2 -2.337217E-1
4.712659E0 -9.316859E-2 -2.325284E-1
4.729796E0 -9.446681E-2 -2.317753E-1
4.746933E0 -9.447051E-2 -2.316709E-1
4.764070E0 -9.423304E-2 -2.316946E-1
4.781207E0 -9.257854E-2 -2.323956E-1
4.798344E0 -8.985187E-2 -2.337323E-1
4.815481E0 -8.732860E-2 -2.345144E-1
4.832618E0 -8.239213E-2 -2.366130E-1
4.849755E0 -7.719936E-2 -2.386823E-1
4.866892E0 -7.262280E-2 -2.402096E-1
4.884029E0 -6.665734E-2 -2.423343E-1
4.901166E0 -5.969141E-2 -2.447020E-1
4.918303E0 -5.185260E-2 -2.466589E-1
4.935440E0 -4.333806E-2 -2.488021E-1
4.952577E0 -3.404516E-2 -2.504555E-1
4.969714E0 -2.465970E-2 -2.522659E-1
4.986850E0 -1.548012E-2 -2.535129E-1
5.003987E0 -4.695253E-3 -2.545562E-1
5.021124E0 5.687998E-3 -2.551132E-1
5.038261E0 1.463813E-2 -2.553368E-1
5.055398E0 2.470758E-2 -2.552531E-1
5.072535E0 3.515600E-2 -2.545965E-1
5.089672E0 4.584476E-2 -2.531292E-1
5.106809E0 5.436421E-2 -2.520262E-1
5.123946E0 6.311790E-2 -2.507033E-1
5.141083E0 7.086556E-2 -2.490017E-1
5.158220E0 7.756530E-2 -2.475577E-1
5.175357E0 8.376116E-2 -2.458641E-1
5.192494E0 8.911715E-2 -2.443975E-1
5.209631E0 9.395071E-2 -2.431317E-1
5.226768E0 9.679170E-2 -2.422584E-1
5.243905E0 9.918235E-2 -2.411839E-1
5.261042E0 1.012627E-1 -2.408140E-1
5.278179E0 1.014690E-1 -2.405103E-1
5.295315E0 1.012937E-1 -2.407428E-1
5.312452E0 9.958967E-2 -2.412198E-1
5.329589E0 9.742116E-2 -2.420176E-1
5.346726E0 9.433242E-2 -2.428958E-1
5.363863E0 8.977746E-2 -2.441710E-1
5.381000E0 8.458355E-2 -2.456833E-1
5.398137E0 7.856817E-2 -2.475720E-1
5.415274E0 7.178434E-2 -2.488756E-1
5.432411E0 6.390546E-2 -2.503879E-1
5.449548E0 5.546394E-2 -2.519939E-1
5.466685E0 4.517446E-2 -2.535566E-1
5.483822E0 3.675838E-2 -2.543618E-1
5.500959E0 2.669154E-2 -2.552059E-1
5.518096E0 1.736831E-2 -2.553992E-1
5.535233E0 8.931938E-3 -2.554219E-1
5.552370E0 -2.437194E-3 -2.549118E-1
5.569507E0 -1.120068E-2 -2.542633E-1
5.586644E0 -2.184600E-2 -2.529801E-1
5.603780E0 -3.060941E-2 -2.515160E-1
5.620917E0 -3.922866E-2 -2.501601E-1
5.638054E0 -4.803113E-2 -2.480932E-1
5.655191E0 -5.572892E-2 -2.458978E-1
5.672328E0 -6.304915E-2 -2.437563E-1
5.689465E0 -6.958478E-2 -2.415916E-1
5.706602E0 -7.567373E-2 -2.394928E-1
5.723739E0 -8.086437E-2 -2.374215E-1
5.740876E0 -8.289135E-2 -2.365730E-1
5.758013E0 -8.607561E-2 -2.352229E-1
5.775150E0 -8.957017E-2 -2.337325E-1
5.792287E0 -8.975413E-2 -2.337220E-1
5.809424E0 -8.977624E-2 -2.337189E-1
5.826561E0 -8.974754E-2 -2.337131E-1
5.843698E0 -8.969471E-2 -2.337998E-1
5.860835E0 -8.747360E-2 -2.345593E-1
5.877972E0 -8.395413E-2 -2.359836E-1
5.895108E0 -8.068012E-2 -2.373342E-1
5.912245E0 -7.551521E-2 -2.394077E-1
5.929382E0 -7.062729E-2 -2.410086E-1
5.946519E0 -6.454499E-2 -2.430643E-1
5.963656E0 -5.828793E-2 -2.452061E-1
5.980793E0 -4.981992E-2 -2.472806E-1
5.997930E0 -4.197002E-2 -2.494063E-1
6.015067E0 -3.314281E-2 -2.508504E-1
6.032204E0 -2.441154E-2 -2.525345E-1
6.049341E0 -1.504994E-2 -2.536295E-1
6.066478E0 -6.385013E-3 -2.548267E-1
6.083615E0 3.308289E-3 -2.555456E-1
6.100752E0 1.402034E-2 -2.554383E-1
6.117889E0 2.388722E-2 -2.553031E-1
6.135026E0 3.388065E-2 -2.546374E-1
6.152163E0 4.320894E-2 -2.538884E-1
6.169300E0 5.132237E-2 -2.528751E-1
6.186437E0 6.008938E-2 -2.513920E-1
6.203573E0 6.768628E-2 -2.496847E-1
6.220710E0 7.473483E-2 -2.484650E-1
6.237847E0 8.071365E-2 -2.468901E-1
6.254984E0 8.602553E-2 -2.452239E-1
6.272121E0 9.104996E-2 -2.436166E-1
6.289258E0 9.415531E-2 -2.429092E-1
6.306395E0 9.657013E-2 -2.422440E-1
6.323532E0 9.836403E-2 -2.416069E-1
6.340669E0 9.858973E-2 -2.413335E-1
6.357806E0 9.844899E-2 -2.413186E-1
6.374943E0 9.667168E-2 -2.421438E-1
6.392080E0 9.455932E-2 -2.429053E-1
6.409217E0 9.150714E-2 -2.435677E-1
6.426354E0 8.669226E-2 -2.449083E-1
6.443491E0 8.154257E-2 -2.463942E-1
6.460628E0 7.562618E-2 -2.481078E-1
6.477765E0 7.035202E-2 -2.488955E-1
6.494902E0 6.284866E-2 -2.504831E-1
6.512038E0 5.411845E-2 -2.519864E-1
6.529175E0 4.566213E-2 -2.529861E-1
6.546312E0 3.740821E-2 -2.537906E-1
6.563449E0 2.789651E-2 -2.545710E-1
6.580586E0 1.815817E-2 -2.549160E-1
6.597723E0 8.071344E-3 -2.548392E-1
6.614860E0 -1.912245E-3 -2.543680E-1
6.631997E0 -1.097869E-2 -2.536063E-1
6.649134E0 -1.897773E-2 -2.528885E-1
6.666271E0 -2.841812E-2 -2.514668E-1
6.683408E0 -3.716315E-2 -2.500400E-1
6.700545E0 -4.614982E-2 -2.480046E-1
6.717682E0 -5.400471E-2 -2.460692E-1
6.734819E0 -6.001605E-2 -2.443867E-1
6.751956E0 -6.661005E-2 -2.422439E-1
6.769093E0 -7.253517E-2 -2.401629E-1
6.786230E0 -7.658224E-2 -2.388603E-1
6.803366E0 -8.027493E-2 -2.373828E-1
6.820503E0 -8.228452E-2 -2.365669E-1
6.837640E0 -8.528941E-2 -2.352033E-1
6.854777E0 -8.692648E-2 -2.345572E-1
6.871914E0 -8.699324E-2 -2.345248E-1
6.889051E0 -8.694449E-2 -2.345180E-1
6.906188E0 -8.532113E-2 -2.351710E-1
6.923325E0 -8.372134E-2 -2.359296E-1
6.940462E0 -8.045610E-2 -2.373336E-1
6.957599E0 -7.688422E-2 -2.388457E-1
6.974736E0 -7.248383E-2 -2.402482E-1
6.991873E0 -6.832333E-2 -2.417549E-1
7.009010E0 -6.230893E-2 -2.437713E-1
7.026147E0 -5.622762E-2 -2.456156E-1
7.043284E0 -4.844785E-2 -2.474569E-1
7.060421E0 -4.115220E-2 -2.493839E-1
7.077558E0 -3.260456E-2 -2.509005E-1
7.094695E0 -2.417382E-2 -2.524305E-1
7.111831E0 -1.546658E-2 -2.535456E-1
7.128968E0 -5.662816E-3 -2.545867E-1
7.146105E0 3.820079E-3 -2.551419E-1
7.163242E0 1.276595E-2 -2.554016E-1
7.180379E0 2.213812E-2 -2.552675E-1
7.197516E0 3.204734E-2 -2.547672E-1
7.214653E0 4.107493E-2 -2.539416E-1
7.231790E0 4.886520E-2 -2.529965E-1
7.248927E0 5.623011E-2 -2.520810E-1
7.266064E0 6.388557E-2 -2.504073E-1
7.283201E0 7.088081E-2 -2.490747E-1
7.300338E0 7.727445E-2 -2.474875E-1
7.317475E0 8.137757E-2 -2.468134E-1
7.334612E0 8.614725E-2 -2.452600E-1
7.351749E0 8.915546E-2 -2.443911E-1
7.368886E0 9.146244E-2 -2.437245E-1
7.386023E0 9.321176E-2 -2.431359E-1
7.403159E0 9.349298E-2 -2.428727E-1
7.420296E0 9.338763E-2 -2.428825E-1
7.437433E0 9.287159E-2 -2.429970E-1
7.454570E0 9.060212E-2 -2.435805E-1
7.471707E0 8.774555E-2 -2.443526E-1
7.488844E0 8.437644E-2 -2.453446E-1
7.505981E0 7.881726E-2 -2.466062E-1
7.523118E0 7.295847E-2 -2.480949E-1
7.540255E0 6.752340E-2 -2.490690E-1
7.557392E0 5.976531E-2 -2.505310E-1
7.574529E0 5.427383E-2 -2.514908E-1
7.591666E0 4.303453E-2 -2.529095E-1
7.608803E0 3.484214E-2 -2.536862E-1
7.625940E0 2.518251E-2 -2.544289E-1
7.643077E0 1.662548E-2 -2.545923E-1
7.660214E0 8.445722E-3 -2.546729E-1
7.677351E0 -1.700420E-3 -2.542042E-1
7.694488E0 -1.036455E-2 -2.535256E-1
7.711624E0 -1.801645E-2 -2.528199E-1
7.728761E0 -2.721376E-2 -2.515118E-1
7.745898E0 -3.583648E-2 -2.500651E-1
7.763035E0 -4.501465E-2 -2.480939E-1
7.780172E0 -5.076485E-2 -2.466735E-1
7.797309E0 -5.873800E-2 -2.445315E-1
7.814446E0 -6.525684E-2 -2.423783E-1
7.831583E0 -6.968665E-2 -2.409024E-1
7.848720E0 -7.789686E-2 -2.380933E-1
7.865857E0 -7.981363E-2 -2.374581E-1
7.882994E0 -8.169450E-2 -2.366346E-1
7.900131E0 -8.318923E-2 -2.359577E-1
7.917268E0 -8.335882E-2 -2.359943E-1
7.934405E0 -8.331052E-2 -2.359918E-1
7.951542E0 -8.198193E-2 -2.367106E-1
7.968679E0 -8.012645E-2 -2.373114E-1
7.985816E0 -7.789796E-2 -2.381871E-1
8.002953E0 -7.456865E-2 -2.395268E-1
8.020089E0 -7.016380E-2 -2.410554E-1
8.037226E0 -6.556453E-2 -2.426016E-1
8.054363E0 -5.969103E-2 -2.445168E-1
8.071500E0 -5.401961E-2 -2.461612E-1
8.088637E0 -4.648499E-2 -2.479454E-1
8.105774E0 -3.966395E-2 -2.498018E-1
8.122911E0 -3.128050E-2 -2.510648E-1
8.140048E0 -2.300882E-2 -2.525181E-1
8.157185E0 -1.448342E-2 -2.536146E-1
8.174322E0 -7.557705E-3 -2.549052E-1
8.191459E0 1.534380E-3 -2.554858E-1
8.208596E0 1.212719E-2 -2.554484E-1
8.225733E0 2.143109E-2 -2.553339E-1
8.242870E0 2.903307E-2 -2.552080E-1
8.260007E0 3.821619E-2 -2.543817E-1
8.277144E0 4.791914E-2 -2.530151E-1
8.294281E0 5.507345E-2 -2.519979E-1
8.311417E0 6.108890E-2 -2.512075E-1
8.328554E0 6.830158E-2 -2.496015E-1
8.345691E0 7.436921E-2 -2.483581E-1
8.362828E0 7.985644E-2 -2.469011E-1
8.379965E0 8.333250E-2 -2.460037E-1
8.397102E0 8.620531E-2 -2.451945E-1
8.414239E0 8.854604E-2 -2.444512E-1
8.431376E0 9.046882E-2 -2.436934E-1
8.448513E0 9.075753E-2 -2.437021E-1
8.465650E0 9.057656E-2 -2.436621E-1
8.482787E0 8.975948E-2 -2.436565E-1
8.499924E0 8.745811E-2 -2.442108E-1
8.517061E0 8.447326E-2 -2.450023E-1
8.534198E0 7.974168E-2 -2.465148E-1
8.551335E0 7.562260E-2 -2.472415E-1
8.568472E0 6.938899E-2 -2.488470E-1
8.585609E0 6.369207E-2 -2.497424E-1
8.602746E0 5.816138E-2 -2.504928E-1
8.619882E0 4.916291E-2 -2.520326E-1
8.637019E0 4.129239E-2 -2.529050E-1
8.654156E0 3.331968E-2 -2.536934E-1
8.671293E0 2.678106E-2 -2.539774E-1
8.688430E0 1.730827E-2 -2.542710E-1
8.705567E0 8.114723E-3 -2.541885E-1
8.722704E0 -1.478399E-3 -2.538181E-1
8.739841E0 -1.035216E-2 -2.530550E-1
8.756978E0 -1.785485E-2 -2.524097E-1
8.774115E0 -2.719221E-2 -2.508986E-1
8.791252E0 -3.419145E-2 -2.499713E-1
8.808389E0 -4.333296E-2 -2.480035E-1
8.825526E0 -4.964641E-2 -2.465280E-1
8.842663E0 -5.733952E-2 -2.446764E-1
8.859800E0 -6.242068E-2 -2.431116E-1
8.876937E0 -6.706468E-2 -2.417083E-1
8.894074E0 -7.132304E-2 -2.402373E-1
8.911211E0 -7.555382E-2 -2.388075E-1
8.928347E0 -7.773759E-2 -2.379979E-1
8.945484E0 -7.954553E-2 -2.373719E-1
8.962621E0 -8.018390E-2 -2.372886E-1
8.979758E0 -8.012448E-2 -2.373997E-1
8.996895E0 -7.834390E-2 -2.382946E-1
9.014032E0 -7.512203E-2 -2.394255E-1
9.031169E0 -7.220110E-2 -2.403527E-1
9.048306E0 -6.798999E-2 -2.419070E-1
9.065443E0 -6.246807E-2 -2.436909E-1
9.082580E0 -5.755743E-2 -2.452458E-1
9.099717E0 -5.157388E-2 -2.468844E-1
9.116854E0 -4.456206E-2 -2.485894E-1
9.133991E0 -3.761226E-2 -2.501347E-1
9.151128E0 -3.000248E-2 -2.515744E-1
9.168265E0 -2.204955E-2 -2.529471E-1
9.185402E0 -1.322105E-2 -2.538667E-1
9.202539E0 -5.267641E-3 -2.547761E-1
9.219675E0 2.820526E-3 -2.554677E-1
9.236812E0 1.261767E-2 -2.554692E-1
9.253949E0 2.128202E-2 -2.553413E-1
9.271086E0 2.908515E-2 -2.551958E-1
9.288223E0 3.765232E-2 -2.544133E-1
9.305360E0 4.530715E-2 -2.536488E-1
9.322497E0 5.400311E-2 -2.521589E-1
9.339634E0 5.996288E-2 -2.513109E-1
9.356771E0 6.676580E-2 -2.498697E-1
9.373908E0 7.123063E-2 -2.488223E-1
9.391045E0 7.662620E-2 -2.474710E-1
9.408182E0 8.007544E-2 -2.465984E-1
9.425319E0 8.309616E-2 -2.458499E-1
9.442456E0 8.544423E-2 -2.451495E-1
9.459593E0 8.716535E-2 -2.445575E-1
9.476730E0 8.726456E-2 -2.445584E-1
9.493867E0 8.695622E-2 -2.444086E-1
9.511004E0 8.618540E-2 -2.444790E-1
9.528140E0 8.379134E-2 -2.449855E-1
9.545277E0 8.078505E-2 -2.457726E-1
9.562414E0 7.711497E-2 -2.465436E-1
9.579551E0 7.319310E-2 -2.475604E-1
9.596688E0 6.700702E-2 -2.488356E-1
9.613825E0 6.142040E-2 -2.497658E-1
9.630962E0 5.591980E-2 -2.505073E-1
9.648099E0 4.971561E-2 -2.514683E-1
9.665236E0 3.846413E-2 -2.528766E-1
9.682373E0 3.307873E-2 -2.530588E-1
9.699510E0 2.469222E-2 -2.538202E-1
9.716647E0 1.586092E-2 -2.540158E-1
9.733784E0 8.070397E-3 -2.539647E-1
9.750921E0 -1.562516E-3 -2.535379E-1
9.768058E0 -1.055386E-2 -2.528821E-1
9.785195E0 -1.792321E-2 -2.521400E-1
9.802332E0 -2.696153E-2 -2.508090E-1
9.819469E0 -3.339344E-2 -2.499747E-1
9.836605E0 -4.280259E-2 -2.481461E-1
9.853742E0 -4.891398E-2 -2.466275E-1
9.870879E0 -5.509717E-2 -2.451637E-1
9.888016E0 -6.014731E-2 -2.437620E-1
9.905153E0 -6.490898E-2 -2.423912E-1
9.922290E0 -6.911212E-2 -2.409983E-1
9.939427E0 -7.364735E-2 -2.395787E-1
9.956564E0 -7.563395E-2 -2.388739E-1
9.973701E0 -7.774445E-2 -2.380850E-1
9.990838E0 -7.804882E-2 -2.380980E-1
1.000797E1 -7.795947E-2 -2.380796E-1
1.002511E1 -7.801643E-2 -2.381450E-1
1.004225E1 -7.675673E-2 -2.388567E-1
1.005939E1 -7.502525E-2 -2.394844E-1
1.007652E1 -7.256424E-2 -2.402539E-1
1.009366E1 -6.884663E-2 -2.415981E-1
1.011080E1 -6.488561E-2 -2.430895E-1
1.012793E1 -6.053156E-2 -2.445648E-1
1.014507E1 -5.517591E-2 -2.459712E-1
1.016221E1 -4.913974E-2 -2.475406E-1
1.017934E1 -4.216978E-2 -2.493155E-1
1.019648E1 -3.559948E-2 -2.503955E-1
1.021362E1 -2.824763E-2 -2.517906E-1
1.023076E1 -2.068285E-2 -2.529123E-1
1.024789E1 -1.381125E-2 -2.542074E-1
1.026503E1 -4.850682E-3 -2.548888E-1
1.028217E1 3.220979E-3 -2.554831E-1
1.029930E1 1.269823E-2 -2.554493E-1
1.031644E1 2.105238E-2 -2.553630E-1
1.033358E1 2.815650E-2 -2.552135E-1
1.035071E1 3.654976E-2 -2.546044E-1
1.036785E1 4.426360E-2 -2.535681E-1
1.038499E1 5.089301E-2 -2.527644E-1
1.040212E1 5.676117E-2 -2.519652E-1
1.041926E1 6.338192E-2 -2.504501E-1
1.043640E1 6.790378E-2 -2.496809E-1
1.045354E1 7.193482E-2 -2.490073E-1
1.047067E1 7.665938E-2 -2.475660E-1
1.048781E1 7.966289E-2 -2.467932E-1
1.050495E1 8.175133E-2 -2.460417E-1
1.052208E1 8.236682E-2 -2.457613E-1
1.053922E1 8.254763E-2 -2.457580E-1
1.055636E1 8.236114E-2 -2.456941E-1
1.057349E1 8.156576E-2 -2.457307E-1
1.059063E1 7.883117E-2 -2.465161E-1
1.060777E1 7.703670E-2 -2.467447E-1
1.062490E1 7.330478E-2 -2.474878E-1
1.064204E1 6.902731E-2 -2.481377E-1
1.065918E1 6.449103E-2 -2.489748E-1
1.067632E1 5.866607E-2 -2.498563E-1
1.069345E1 5.313468E-2 -2.505893E-1
1.071059E1 4.720849E-2 -2.514142E-1
1.072773E1 3.804034E-2 -2.524509E-1
1.074486E1 3.073729E-2 -2.529836E-1
1.076200E1 2.300923E-2 -2.535124E-1
1.077914E1 1.505095E-2 -2.536090E-1
1.079627E1 6.305934E-3 -2.534632E-1
1.081341E1 -6.817527E-4 -2.532839E-1
1.083055E1 -9.524675E-3 -2.528053E-1
1.084769E1 -1.694432E-2 -2.520745E-1
1.086482E1 -2.601466E-2 -2.507284E-1
1.088196E1 -3.267306E-2 -2.499477E-1
1.089910E1 -3.983633E-2 -2.486853E-1
1.091623E1 -4.642476E-2 -2.473621E-1
1.093337E1 -5.458039E-2 -2.452807E-1
1.095051E1 -5.797322E-2 -2.444565E-1
1.096764E1 -6.273647E-2 -2.431256E-1
1.098478E1 -6.558644E-2 -2.423476E-1
1.100192E1 -6.950204E-2 -2.410925E-1
1.101905E1 -7.167689E-2 -2.403133E-1
1.103619E1 -7.394540E-2 -2.396390E-1
1.105333E1 -7.460598E-2 -2.395618E-1
1.107047E1 -7.476115E-2 -2.394292E-1
1.108760E1 -7.484579E-2 -2.394702E-1
1.110474E1 -7.317582E-2 -2.402774E-1
1.112188E1 -7.120472E-2 -2.408530E-1
1.113901E1 -6.925964E-2 -2.416898E-1
1.115615E1 -6.541621E-2 -2.430027E-1
1.117329E1 -6.141054E-2 -2.444612E-1
1.119042E1 -5.768589E-2 -2.454260E-1
1.120756E1 -5.281657E-2 -2.467506E-1
1.122470E1 -4.657469E-2 -2.482496E-1
1.124183E1 -4.067996E-2 -2.497028E-1
1.125897E1 -3.354297E-2 -2.509022E-1
1.127611E1 -2.638284E-2 -2.522527E-1
1.129325E1 -1.862533E-2 -2.532181E-1
1.131038E1 -1.137118E-2 -2.542124E-1
1.132752E1 -3.289575E-3 -2.549081E-1
1.134466E1 4.176003E-3 -2.554982E-1
1.136179E1 1.323375E-2 -2.554058E-1
1.137893E1 2.118388E-2 -2.553454E-1
1.139607E1 2.769238E-2 -2.552718E-1
1.141320E1 3.563875E-2 -2.545560E-1
1.143034E1 4.305621E-2 -2.537119E-1
1.144748E1 4.977485E-2 -2.529715E-1
1.146462E1 5.529557E-2 -2.519931E-1
1.148175E1 6.195083E-2 -2.505178E-1
1.149889E1 6.622104E-2 -2.496452E-1
1.151603E1 7.015075E-2 -2.489599E-1
1.153316E1 7.353237E-2 -2.481109E-1
1.155030E1 7.616846E-2 -2.474910E-1
1.156744E1 7.840506E-2 -2.468562E-1
1.158457E1 7.895397E-2 -2.465200E-1
1.160171E1 7.908927E-2 -2.465765E-1
1.161885E1 7.878154E-2 -2.464840E-1
1.163598E1 7.780408E-2 -2.466553E-1
1.165312E1 7.610809E-2 -2.467170E-1
1.167026E1 7.296299E-2 -2.473343E-1
1.168740E1 6.921863E-2 -2.481210E-1
1.170453E1 6.501546E-2 -2.489232E-1
1.172167E1 6.211031E-2 -2.489846E-1
1.173881E1 5.627917E-2 -2.498375E-1
1.175594E1 5.112185E-2 -2.506117E-1
1.177308E1 4.478661E-2 -2.514189E-1
1.179022E1 3.744315E-2 -2.522261E-1
1.180735E1 2.794242E-2 -2.529177E-1
1.182449E1 2.127267E-2 -2.531779E-1
1.184163E1 1.344709E-2 -2.533228E-1
1.185876E1 5.425319E-3 -2.533116E-1
1.187590E1 -3.072317E-3 -2.529090E-1
1.189304E1 -9.315477E-3 -2.527048E-1
1.191018E1 -1.918360E-2 -2.515764E-1
1.192731E1 -2.568820E-2 -2.507544E-1
1.194445E1 -3.245291E-2 -2.500146E-1
1.196159E1 -3.925059E-2 -2.487747E-1
1.197872E1 -4.553400E-2 -2.473731E-1
1.199586E1 -5.139255E-2 -2.459359E-1
1.201300E1 -5.751157E-2 -2.446403E-1
1.203013E1 -6.184161E-2 -2.432827E-1
1.204727E1 -6.514731E-2 -2.422416E-1
1.206441E1 -6.980487E-2 -2.409324E-1
1.208155E1 -7.203823E-2 -2.402797E-1
1.209868E1 -7.246674E-2 -2.402400E-1
1.211582E1 -7.250317E-2 -2.403246E-1
1.213296E1 -7.245896E-2 -2.403554E-1
1.215009E1 -7.093674E-2 -2.410791E-1
1.216723E1 -6.908430E-2 -2.416897E-1
1.218437E1 -6.659557E-2 -2.426471E-1
1.220150E1 -6.288628E-2 -2.439478E-1
1.221864E1 -5.893847E-2 -2.450920E-1
1.223578E1 -5.506567E-2 -2.460868E-1
1.225291E1 -4.949789E-2 -2.475585E-1
1.227005E1 -4.374011E-2 -2.488681E-1
1.228719E1 -3.758565E-2 -2.501347E-1
1.230433E1 -3.088262E-2 -2.515013E-1
1.232146E1 -2.418190E-2 -2.526689E-1
1.233860E1 -1.621784E-2 -2.532703E-1
1.235574E1 -9.420974E-3 -2.541667E-1
1.237287E1 -1.653636E-3 -2.549222E-1
1.239001E1 6.790118E-3 -2.551561E-1
1.240715E1 1.337288E-2 -2.553686E-1
1.242428E1 2.225364E-2 -2.549578E-1
1.244142E1 2.920772E-2 -2.547324E-1
1.245856E1 3.670545E-2 -2.538753E-1
1.247569E1 4.384877E-2 -2.531015E-1
1.249283E1 5.020508E-2 -2.521433E-1
1.250997E1 5.543388E-2 -2.513893E-1
1.252711E1 6.185195E-2 -2.498695E-1
1.254424E1 6.612941E-2 -2.489684E-1
1.256138E1 6.984664E-2 -2.482371E-1
1.257852E1 7.294645E-2 -2.474764E-1
1.259565E1 7.547454E-2 -2.468464E-1
1.261279E1 7.746765E-2 -2.461310E-1
1.262993E1 7.788788E-2 -2.458848E-1
1.264706E1 7.798943E-2 -2.458937E-1
1.266420E1 7.745627E-2 -2.459532E-1
1.268134E1 7.615325E-2 -2.461456E-1
1.269847E1 6.749632E-2 -2.478722E-1
1.271561E1 6.318177E-2 -2.483896E-1
1.273275E1 5.852948E-2 -2.491468E-1
1.274989E1 5.298051E-2 -2.498863E-1
1.276702E1 4.727442E-2 -2.507232E-1
1.278416E1 4.128171E-2 -2.514763E-1
1.280130E1 3.316935E-2 -2.522173E-1
1.281843E1 2.613133E-2 -2.525179E-1
1.283557E1 1.862070E-2 -2.529973E-1
1.285271E1 1.090881E-2 -2.531504E-1
1.286984E1 5.427064E-3 -2.532111E-1
1.288698E1 -4.455023E-3 -2.528083E-1
1.290412E1 -9.125934E-3 -2.526698E-1
1.292126E1 -1.941815E-2 -2.514800E-1
1.293839E1 -2.564542E-2 -2.507191E-1
1.295553E1 -3.210906E-2 -2.499821E-1
1.297267E1 -3.906940E-2 -2.487136E-1
1.298980E1 -4.575496E-2 -2.474109E-1
1.300694E1 -4.937183E-2 -2.466310E-1
1.302408E1 -5.558355E-2 -2.451027E-1
1.304121E1 -6.037931E-2 -2.438912E-1
1.305835E1 -6.322349E-2 -2.430927E-1
1.307549E1 -6.597683E-2 -2.422942E-1
1.309262E1 -6.833834E-2 -2.416915E-1
1.310976E1 -6.889064E-2 -2.415636E-1
1.312690E1 -6.927227E-2 -2.416240E-1
1.314404E1 -6.940448E-2 -2.416983E-1
1.316117E1 -6.941849E-2 -2.417494E-1
1.317831E1 -6.780943E-2 -2.423598E-1
1.319545E1 -6.569168E-2 -2.431436E-1
1.321258E1 -6.348785E-2 -2.438748E-1
1.322972E1 -5.973890E-2 -2.451564E-1
1.324686E1 -5.607085E-2 -2.460145E-1
1.326399E1 -5.129105E-2 -2.472781E-1
1.328113E1 -4.603643E-2 -2.486128E-1
1.329827E1 -4.059233E-2 -2.500400E-1
1.331540E1 -3.480824E-2 -2.509887E-1
1.333254E1 -2.807052E-2 -2.522110E-1
1.334968E1 -2.136636E-2 -2.531131E-1
1.336682E1 -1.397022E-2 -2.537560E-1
1.338395E1 -6.735143E-3 -2.544077E-1
1.340109E1 6.977047E-4 -2.549127E-1
1.341823E1 7.245854E-3 -2.553851E-1
1.343536E1 1.502305E-2 -2.553494E-1
1.345250E1 2.162977E-2 -2.552978E-1
1.346964E1 3.015136E-2 -2.545037E-1
1.348677E1 3.306486E-2 -2.550991E-1
1.350391E1 3.788409E-2 -2.551113E-1
1.352105E1 4.425822E-2 -2.543000E-1
1.353819E1 4.994718E-2 -2.534085E-1
1.355532E1 5.633552E-2 -2.520676E-1
1.357246E1 6.044721E-2 -2.512086E-1
1.358960E1 6.393274E-2 -2.503734E-1
1.360673E1 6.890183E-2 -2.489459E-1
1.362387E1 6.969446E-2 -2.489196E-1
1.364101E1 7.165344E-2 -2.482202E-1
1.365814E1 7.189438E-2 -2.482561E-1
1.367528E1 7.156998E-2 -2.481805E-1
1.369242E1 7.238103E-2 -2.474670E-1
1.370955E1 7.121601E-2 -2.473214E-1
1.372669E1 6.978189E-2 -2.473689E-1
1.374383E1 6.633570E-2 -2.481629E-1
1.376097E1 6.242466E-2 -2.488864E-1
1.377810E1 6.046862E-2 -2.489450E-1
1.379524E1 5.805348E-2 -2.490663E-1
1.381238E1 5.147735E-2 -2.498900E-1
1.382951E1 4.597733E-2 -2.507584E-1
1.384665E1 3.982198E-2 -2.515743E-1
1.386379E1 3.290485E-2 -2.523315E-1
1.388092E1 2.519112E-2 -2.524755E-1
1.389806E1 1.776702E-2 -2.527882E-1
1.391520E1 9.538340E-3 -2.528403E-1
1.393233E1 2.436687E-3 -2.527425E-1
1.394947E1 -4.374675E-3 -2.527440E-1
1.396661E1 -1.230310E-2 -2.521170E-1
1.398375E1 -1.931701E-2 -2.514480E-1
1.400088E1 -2.733603E-2 -2.502910E-1
1.401802E1 -3.331247E-2 -2.496685E-1
1.403516E1 -3.857870E-2 -2.485461E-1
1.405229E1 -4.517637E-2 -2.474579E-1
1.406943E1 -4.898083E-2 -2.465212E-1
1.408657E1 -5.488674E-2 -2.451533E-1
1.410370E1 -5.830987E-2 -2.445528E-1
1.412084E1 -6.114861E-2 -2.438120E-1
1.413798E1 -6.366818E-2 -2.430165E-1
1.415512E1 -6.613860E-2 -2.423934E-1
1.417225E1 -6.677306E-2 -2.422868E-1
1.418939E1 -6.731557E-2 -2.424171E-1
1.420653E1 -6.741288E-2 -2.422839E-1
1.422366E1 -6.726108E-2 -2.424844E-1
1.424080E1 -6.542438E-2 -2.431294E-1
1.425794E1 -6.349220E-2 -2.439181E-1
1.427507E1 -6.080359E-2 -2.447018E-1
1.429221E1 -5.657610E-2 -2.458737E-1
1.430935E1 -5.331277E-2 -2.467091E-1
1.432648E1 -4.854069E-2 -2.480096E-1
1.434362E1 -4.347225E-2 -2.493620E-1
1.436076E1 -2.583078E-2 -2.524868E-1
1.437790E1 -1.880029E-2 -2.531578E-1
1.439503E1 -1.192458E-2 -2.539250E-1
1.441217E1 -4.566645E-3 -2.544443E-1
1.442931E1 2.391123E-3 -2.549363E-1
1.444644E1 9.667789E-3 -2.550020E-1
1.446358E1 1.701445E-2 -2.549027E-1
1.448072E1 2.944068E-2 -2.544690E-1
1.449785E1 3.689811E-2 -2.536750E-1
1.451499E1 4.293303E-2 -2.528887E-1
1.453213E1 4.891317E-2 -2.521056E-1
1.454926E1 5.360642E-2 -2.512358E-1
1.456640E1 5.805261E-2 -2.504327E-1
1.458354E1 6.540111E-2 -2.488715E-1
1.460068E1 6.834518E-2 -2.481370E-1
1.461781E1 7.066914E-2 -2.474720E-1
1.463495E1 7.107356E-2 -2.473985E-1
1.465209E1 7.107400E-2 -2.473887E-1
1.466922E1 7.072661E-2 -2.473289E-1
1.468636E1 6.994087E-2 -2.473393E-1
1.470350E1 6.560731E-2 -2.481241E-1
1.472063E1 6.334181E-2 -2.482722E-1
1.473777E1 5.943387E-2 -2.490446E-1
1.475491E1 5.629148E-2 -2.491408E-1
1.477205E1 5.098327E-2 -2.498837E-1
1.478918E1 4.560728E-2 -2.506257E-1
1.480632E1 3.946484E-2 -2.514987E-1
1.482346E1 3.506428E-2 -2.517394E-1
1.484059E1 2.833450E-2 -2.523033E-1
1.485773E1 2.181926E-2 -2.524278E-1
1.487487E1 1.502951E-2 -2.525403E-1
1.489200E1 7.780647E-3 -2.526813E-1
1.490914E1 4.239147E-4 -2.527191E-1
1.492628E1 -4.653574E-3 -2.526206E-1
1.494341E1 -1.280424E-2 -2.520046E-1
1.496055E1 -1.948456E-2 -2.513410E-1
1.497769E1 -2.808596E-2 -2.502768E-1
1.499483E1 -3.380201E-2 -2.495338E-1
1.501196E1 -3.868083E-2 -2.486083E-1
1.502910E1 -4.513107E-2 -2.475367E-1
1.504624E1 -4.922441E-2 -2.466396E-1
1.506337E1 -5.264804E-2 -2.458145E-1
1.508051E1 -5.637936E-2 -2.450889E-1
1.509765E1 -5.949451E-2 -2.444962E-1
1.511478E1 -6.216936E-2 -2.437292E-1
1.513192E1 -6.438688E-2 -2.431155E-1
1.514906E1 -6.500212E-2 -2.431356E-1
1.516619E1 -6.519535E-2 -2.430873E-1
1.518333E1 -6.528343E-2 -2.431466E-1
1.520047E1 -6.392396E-2 -2.437456E-1
1.521761E1 -6.221180E-2 -2.443970E-1
1.523474E1 -6.011997E-2 -2.451349E-1
1.525188E1 -5.714725E-2 -2.458733E-1
1.526902E1 -5.423824E-2 -2.467232E-1
1.528615E1 -4.973412E-2 -2.479320E-1
1.530329E1 -4.604806E-2 -2.488390E-1
1.532043E1 -4.082025E-2 -2.501380E-1
1.533756E1 -3.526483E-2 -2.509828E-1
1.535470E1 -2.939078E-2 -2.520824E-1
1.537184E1 -2.350051E-2 -2.531938E-1
1.538898E1 -1.693220E-2 -2.536333E-1
1.540611E1 -9.974117E-3 -2.543180E-1
1.542325E1 -3.031736E-3 -2.548452E-1
1.544039E1 4.162943E-3 -2.551436E-1
1.545752E1 1.131851E-2 -2.551480E-1
1.547466E1 1.812042E-2 -2.550328E-1
1.549180E1 2.440395E-2 -2.546274E-1
1.550893E1 3.125315E-2 -2.540609E-1
1.552607E1 3.795343E-2 -2.533453E-1
1.554321E1 4.383369E-2 -2.525066E-1
1.556034E1 4.762284E-2 -2.522159E-1
1.557748E1 5.195182E-2 -2.514673E-1
1.559462E1 5.616535E-2 -2.505647E-1
1.561176E1 5.980183E-2 -2.497896E-1
1.562889E1 6.293566E-2 -2.491181E-1
1.564603E1 6.558797E-2 -2.484539E-1
1.566317E1 6.635063E-2 -2.482548E-1
1.568030E1 6.810978E-2 -2.477568E-1
1.569744E1 6.807237E-2 -2.476771E-1
1.571458E1 6.776632E-2 -2.474491E-1
1.573171E1 6.692594E-2 -2.474274E-1
1.574885E1 6.544457E-2 -2.475688E-1
1.576599E1 6.243555E-2 -2.481109E-1
1.578312E1 6.007602E-2 -2.485444E-1
1.580026E1 5.614925E-2 -2.490488E-1
1.581740E1 5.101564E-2 -2.498061E-1
1.583454E1 4.798851E-2 -2.499193E-1
1.585167E1 4.266167E-2 -2.506575E-1
1.586881E1 3.630647E-2 -2.514930E-1
1.588595E1 3.118796E-2 -2.518025E-1
1.590308E1 2.484804E-2 -2.523407E-1
1.592022E1 1.827754E-2 -2.524504E-1
1.593736E1 1.191424E-2 -2.525377E-1
1.595449E1 4.969204E-3 -2.526607E-1
1.597163E1 -5.534929E-4 -2.526553E-1
1.598877E1 -8.412842E-3 -2.520826E-1
1.600591E1 -1.577348E-2 -2.514620E-1
1.602304E1 -2.206572E-2 -2.508076E-1
1.604018E1 -2.816088E-2 -2.500889E-1
1.605732E1 -3.357803E-2 -2.494350E-1
1.607445E1 -3.827352E-2 -2.487042E-1
1.609159E1 -4.491963E-2 -2.475036E-1
1.610873E1 -4.891860E-2 -2.466296E-1
1.612586E1 -5.239411E-2 -2.459600E-1
1.614300E1 -5.569554E-2 -2.451607E-1
1.616014E1 -5.889713E-2 -2.447171E-1
1.617727E1 -5.988132E-2 -2.446131E-1
1.619441E1 -6.217917E-2 -2.438369E-1
1.621155E1 -6.281351E-2 -2.439417E-1
1.622869E1 -6.295599E-2 -2.438565E-1
1.624582E1 -6.311087E-2 -2.439515E-1
1.626296E1 -6.147827E-2 -2.444993E-1
1.628010E1 -5.964223E-2 -2.451461E-1
1.629723E1 -5.682351E-2 -2.459701E-1
1.631437E1 -5.416764E-2 -2.466177E-1
1.633151E1 -5.099199E-2 -2.475508E-1
1.634864E1 -4.720938E-2 -2.485055E-1
1.636578E1 -4.261037E-2 -2.494724E-1
1.638292E1 -3.762120E-2 -2.502978E-1
1.640005E1 -3.191761E-2 -2.513697E-1
1.641719E1 -2.639443E-2 -2.523504E-1
1.643433E1 -2.009072E-2 -2.529817E-1
1.645147E1 -1.373192E-2 -2.536489E-1
1.646860E1 -7.634671E-3 -2.542753E-1
1.648574E1 -1.178470E-3 -2.547839E-1
1.650288E1 6.100459E-3 -2.549588E-1
1.652001E1 1.270080E-2 -2.548866E-1
1.653715E1 2.513767E-2 -2.544820E-1
1.655429E1 3.832590E-2 -2.530708E-1
1.657142E1 4.395972E-2 -2.523967E-1
1.658856E1 4.887358E-2 -2.515149E-1
1.660570E1 5.335995E-2 -2.507175E-1
1.662283E1 5.703281E-2 -2.499045E-1
1.663997E1 6.048343E-2 -2.490737E-1
1.665711E1 6.442547E-2 -2.483783E-1
1.667425E1 6.634482E-2 -2.476098E-1
1.669138E1 6.653114E-2 -2.475729E-1
1.670852E1 6.642179E-2 -2.474746E-1
1.672566E1 6.599654E-2 -2.475067E-1
1.674279E1 6.474213E-2 -2.474754E-1
1.675993E1 6.320702E-2 -2.476591E-1
1.677707E1 6.004040E-2 -2.483912E-1
1.679420E1 5.641419E-2 -2.489708E-1
1.681134E1 5.345849E-2 -2.491361E-1
1.682848E1 4.826102E-2 -2.499164E-1
1.684562E1 4.489798E-2 -2.500336E-1
1.686275E1 3.956889E-2 -2.506782E-1
1.687989E1 3.357407E-2 -2.515239E-1
1.689703E1 2.874467E-2 -2.517333E-1
1.691416E1 2.193919E-2 -2.523663E-1
1.693130E1 1.621841E-2 -2.524764E-1
1.694844E1 9.869085E-3 -2.525642E-1
1.696557E1 3.360420E-3 -2.526493E-1
1.698271E1 -1.182969E-3 -2.526081E-1
1.699985E1 -1.663686E-2 -2.514437E-1
1.701698E1 -2.261600E-2 -2.507586E-1
1.703412E1 -2.911689E-2 -2.500894E-1
1.705126E1 -3.437399E-2 -2.494195E-1
1.706840E1 -4.510011E-2 -2.475924E-1
1.708553E1 -5.246558E-2 -2.460511E-1
1.710267E1 -5.588885E-2 -2.453190E-1
1.711981E1 -5.997233E-2 -2.445127E-1
1.713694E1 -6.085491E-2 -2.444387E-1
1.715408E1 -6.153739E-2 -2.444429E-1
1.717122E1 -6.169373E-2 -2.445317E-1
1.718835E1 -6.159712E-2 -2.446586E-1
1.720549E1 -6.021591E-2 -2.452358E-1
1.722263E1 -5.488124E-2 -2.465540E-1
1.723976E1 -5.233723E-2 -2.473893E-1
1.725690E1 -4.856957E-2 -2.482018E-1
1.727404E1 -4.407736E-2 -2.493625E-1
1.729118E1 -3.992920E-2 -2.502120E-1
1.730831E1 -3.493174E-2 -2.509822E-1
1.732545E1 -2.371503E-2 -2.529707E-1
1.734259E1 -1.731123E-2 -2.533865E-1
1.735972E1 -1.114679E-2 -2.539149E-1
1.737686E1 -4.883899E-3 -2.543701E-1
1.739400E1 7.781356E-4 -2.547672E-1
1.741113E1 7.682603E-3 -2.548582E-1
1.742827E1 1.413520E-2 -2.547532E-1
1.744541E1 2.036697E-2 -2.546854E-1
1.746255E1 2.687162E-2 -2.541485E-1
1.747968E1 3.171724E-2 -2.537551E-1
1.749682E1 3.780985E-2 -2.529995E-1
1.751396E1 4.338751E-2 -2.521688E-1
1.753109E1 4.805183E-2 -2.514187E-1
1.754823E1 5.223732E-2 -2.505812E-1
1.756537E1 5.592000E-2 -2.498015E-1
1.758250E1 5.931478E-2 -2.491811E-1
1.759964E1 6.056045E-2 -2.489341E-1
1.761678E1 6.282357E-2 -2.483363E-1
1.763391E1 6.325359E-2 -2.481417E-1
1.765105E1 6.460618E-2 -2.475353E-1
1.766819E1 6.449675E-2 -2.476314E-1
1.768533E1 6.364814E-2 -2.476272E-1
1.770246E1 6.215434E-2 -2.478004E-1
1.771960E1 5.955172E-2 -2.481775E-1
1.773674E1 5.725081E-2 -2.483544E-1
1.775387E1 5.374183E-2 -2.489948E-1
1.777101E1 5.060830E-2 -2.491398E-1
1.778815E1 4.554105E-2 -2.498408E-1
1.780528E1 4.071588E-2 -2.506687E-1
1.782242E1 3.698007E-2 -2.508391E-1
1.783956E1 3.095561E-2 -2.515433E-1
1.785669E1 2.589629E-2 -2.518187E-1
1.787383E1 1.928736E-2 -2.523016E-1
1.789097E1 1.321965E-2 -2.525660E-1
1.790811E1 2.621815E-3 -2.526196E-1
1.792524E1 -6.174912E-3 -2.521152E-1
1.794238E1 -1.058039E-2 -2.519703E-1
1.795952E1 -1.746974E-2 -2.513728E-1
1.797665E1 -2.344238E-2 -2.507554E-1
1.799379E1 -2.932746E-2 -2.501131E-1
1.801093E1 -3.448250E-2 -2.495784E-1
1.802806E1 -3.898561E-2 -2.487492E-1
1.804520E1 -4.327708E-2 -2.479277E-1
1.806234E1 -4.739974E-2 -2.472733E-1
1.807948E1 -5.070664E-2 -2.466844E-1
1.809661E1 -5.368596E-2 -2.459919E-1
1.811375E1 -5.463442E-2 -2.459828E-1
1.813089E1 -5.751363E-2 -2.453169E-1
1.814802E1 -5.808591E-2 -2.452085E-1
1.816516E1 -5.854255E-2 -2.451847E-1
1.818230E1 -5.863600E-2 -2.452436E-1
1.819943E1 -5.807889E-2 -2.455376E-1
1.821657E1 -5.424966E-2 -2.466672E-1
1.823371E1 -5.162483E-2 -2.474289E-1
1.825084E1 -4.849400E-2 -2.481478E-1
1.826798E1 -4.509935E-2 -2.490681E-1
1.828512E1 -4.110305E-2 -2.499368E-1
1.830226E1 -3.657575E-2 -2.504887E-1
1.831939E1 -3.145033E-2 -2.514992E-1
1.833653E1 -2.628895E-2 -2.523195E-1
1.835367E1 -2.071342E-2 -2.528832E-1
1.837080E1 -1.481570E-2 -2.534587E-1
1.838794E1 -9.224432E-3 -2.541340E-1
1.840508E1 -2.365099E-3 -2.543938E-1
1.842221E1 3.289043E-3 -2.547959E-1
1.843935E1 9.542297E-3 -2.547604E-1
1.845649E1 1.577902E-2 -2.546744E-1
1.847362E1 2.123547E-2 -2.544690E-1
1.849076E1 2.768018E-2 -2.540062E-1
1.850790E1 3.371999E-2 -2.531917E-1
1.852504E1 4.305082E-2 -2.521488E-1
1.854217E1 4.730184E-2 -2.513843E-1
1.855931E1 5.111483E-2 -2.506308E-1
1.857645E1 5.442482E-2 -2.497786E-1
1.859358E1 5.751817E-2 -2.491085E-1
1.861072E1 5.881173E-2 -2.489266E-1
1.862786E1 6.124372E-2 -2.482610E-1
1.864499E1 6.124729E-2 -2.482484E-1
1.866213E1 6.064693E-2 -2.482334E-1
1.867927E1 5.971034E-2 -2.482417E-1
1.869641E1 5.830848E-2 -2.483462E-1
1.871354E1 5.660763E-2 -2.484296E-1
1.873068E1 5.332695E-2 -2.490659E-1
1.874782E1 5.023226E-2 -2.490911E-1
1.876495E1 4.280844E-2 -2.499933E-1
1.878209E1 3.759430E-2 -2.507063E-1
1.879923E1 3.423542E-2 -2.508959E-1
1.881636E1 2.260234E-2 -2.518494E-1
1.883350E1 1.742193E-2 -2.521638E-1
1.885064E1 1.207992E-2 -2.524066E-1
1.886777E1 -1.012915E-3 -2.521956E-1
1.888491E1 -6.805677E-3 -2.519946E-1
1.890205E1 -2.362097E-2 -2.506957E-1
1.891919E1 -2.993810E-2 -2.500117E-1
1.893632E1 -3.487841E-2 -2.494121E-1
1.895346E1 -3.947782E-2 -2.487309E-1
1.897060E1 -4.362606E-2 -2.480464E-1
1.898773E1 -4.721887E-2 -2.474227E-1
1.900487E1 -4.831781E-2 -2.472884E-1
1.902201E1 -5.149530E-2 -2.466730E-1
1.903914E1 -5.261906E-2 -2.465206E-1
1.905628E1 -5.512408E-2 -2.459878E-1
1.907342E1 -5.549411E-2 -2.460463E-1
1.909055E1 -5.572236E-2 -2.459619E-1
1.910769E1 -5.566188E-2 -2.460589E-1
1.912483E1 -5.319985E-2 -2.470999E-1
1.914197E1 -5.091392E-2 -2.475896E-1
1.915910E1 -4.822624E-2 -2.481368E-1
1.917624E1 -4.522331E-2 -2.488995E-1
1.919338E1 -4.190013E-2 -2.497463E-1
1.921051E1 -3.767848E-2 -2.503145E-1
1.922765E1 -2.799375E-2 -2.521252E-1
1.924479E1 -2.319737E-2 -2.528965E-1
1.926192E1 -1.736353E-2 -2.531917E-1
1.927906E1 -1.179126E-2 -2.537013E-1
1.929620E1 -6.445744E-3 -2.541618E-1
1.931334E1 -1.262503E-4 -2.544130E-1
1.933047E1 5.172604E-3 -2.546753E-1
1.934761E1 1.120758E-2 -2.546744E-1
1.936475E1 1.680232E-2 -2.545358E-1
1.938188E1 2.333775E-2 -2.541920E-1
1.939902E1 2.803526E-2 -2.537566E-1
1.941616E1 3.392251E-2 -2.530512E-1
1.943329E1 3.916394E-2 -2.523418E-1
1.945043E1 4.380371E-2 -2.516537E-1
1.946757E1 4.773629E-2 -2.507347E-1
1.948470E1 4.993091E-2 -2.504848E-1
1.950184E1 5.308668E-2 -2.498265E-1
1.951898E1 5.597443E-2 -2.490990E-1
1.953612E1 5.721124E-2 -2.490084E-1
1.955325E1 5.875798E-2 -2.483837E-1
1.957039E1 5.916543E-2 -2.483568E-1
1.958753E1 5.910060E-2 -2.482714E-1
1.960466E1 5.845921E-2 -2.482869E-1
1.962180E1 5.737195E-2 -2.482644E-1
1.963894E1 5.562069E-2 -2.485223E-1
1.965607E1 5.256045E-2 -2.490336E-1
1.967321E1 5.026556E-2 -2.491340E-1
1.969035E1 4.744335E-2 -2.492691E-1
1.970748E1 4.292478E-2 -2.499158E-1
1.972462E1 3.948931E-2 -2.502239E-1
1.974176E1 3.013286E-2 -2.510240E-1
1.975890E1 1.336065E-2 -2.520303E-1
1.977603E1 7.727105E-3 -2.520371E-1
1.979317E1 1.991516E-3 -2.519966E-1
1.981031E1 -3.951860E-3 -2.519229E-1
1.982744E1 -7.629560E-3 -2.519158E-1
1.984458E1 -1.509909E-2 -2.513505E-1
1.986172E1 -2.084007E-2 -2.507611E-1
1.987885E1 -2.630896E-2 -2.501882E-1
1.989599E1 -3.026286E-2 -2.499863E-1
1.991313E1 -3.491035E-2 -2.493792E-1
1.993027E1 -3.933227E-2 -2.487010E-1
1.994740E1 -4.328088E-2 -2.481218E-1
1.996454E1 -4.683861E-2 -2.474207E-1
1.998168E1 -4.841135E-2 -2.472947E-1
1.999881E1 -4.933701E-2 -2.473268E-1
2.001595E1 -5.250176E-2 -2.466999E-1
2.003309E1 -5.269897E-2 -2.465728E-1
2.005022E1 -5.322241E-2 -2.467182E-1
2.006736E1 -5.339227E-2 -2.466226E-1
2.008450E1 -5.319660E-2 -2.470700E-1
2.010163E1 -5.170011E-2 -2.474180E-1
2.011877E1 -5.027981E-2 -2.478126E-1
2.013591E1 -4.804294E-2 -2.483708E-1
2.015305E1 -4.516539E-2 -2.489314E-1
2.017018E1 -4.208143E-2 -2.497151E-1
2.018732E1 -3.836061E-2 -2.502193E-1
2.020446E1 -3.434718E-2 -2.509344E-1
2.022159E1 -3.009250E-2 -2.516937E-1
2.023873E1 -2.508301E-2 -2.523690E-1
2.025587E1 -1.995270E-2 -2.528491E-1
2.027300E1 -1.464896E-2 -2.533981E-1
2.029014E1 -8.904886E-3 -2.538348E-1
2.030728E1 -3.732791E-3 -2.541778E-1
2.032441E1 2.405945E-3 -2.543662E-1
2.034155E1 8.274847E-3 -2.544041E-1
2.035869E1 1.396825E-2 -2.541696E-1
2.037583E1 1.916646E-2 -2.539497E-1
2.039296E1 2.513934E-2 -2.535069E-1
2.041010E1 3.005037E-2 -2.530460E-1
2.042724E1 3.517148E-2 -2.523704E-1
2.044437E1 3.993053E-2 -2.518200E-1
2.046151E1 4.427035E-2 -2.509599E-1
2.047865E1 4.788314E-2 -2.502111E-1
2.049578E1 5.115497E-2 -2.495305E-1
2.051292E1 5.301932E-2 -2.490518E-1
2.053006E1 5.559461E-2 -2.486212E-1
2.054719E1 5.614245E-2 -2.484298E-1
2.056433E1 5.665613E-2 -2.482663E-1
2.058147E1 5.791338E-2 -2.480126E-1
2.059861E1 5.766867E-2 -2.478633E-1
2.061574E1 5.687040E-2 -2.478428E-1
2.063288E1 5.550493E-2 -2.479085E-1
2.065002E1 5.314488E-2 -2.482874E-1
2.066715E1 5.097189E-2 -2.486414E-1
2.068429E1 4.836921E-2 -2.489327E-1
2.070143E1 4.468622E-2 -2.492599E-1
2.071856E1 4.102567E-2 -2.494984E-1
2.073570E1 3.654259E-2 -2.501317E-1
2.075284E1 3.159526E-2 -2.507051E-1
2.076998E1 2.749041E-2 -2.510222E-1
2.078711E1 2.176473E-2 -2.515742E-1
2.080425E1 1.650858E-2 -2.517528E-1
2.082139E1 1.076300E-2 -2.519297E-1
2.083852E1 5.283850E-3 -2.519828E-1
2.085566E1 -2.357475E-4 -2.520094E-1
2.087280E1 -5.040113E-3 -2.519450E-1
2.088993E1 -1.146065E-2 -2.515449E-1
2.090707E1 -1.568124E-2 -2.512847E-1
2.092421E1 -2.158146E-2 -2.507131E-1
2.094134E1 -2.664080E-2 -2.502051E-1
2.095848E1 -3.021565E-2 -2.500112E-1
2.097562E1 -3.482890E-2 -2.495891E-1
2.099276E1 -3.892018E-2 -2.489078E-1
2.100989E1 -4.261674E-2 -2.482805E-1
2.102703E1 -4.428545E-2 -2.481023E-1
2.104417E1 -4.746362E-2 -2.474461E-1
2.106130E1 -4.897970E-2 -2.473330E-1
2.107844E1 -4.972984E-2 -2.472535E-1
2.109558E1 -5.059678E-2 -2.472730E-1
2.111271E1 -5.104728E-2 -2.474231E-1
2.112985E1 -5.098896E-2 -2.475348E-1
2.114699E1 -5.067940E-2 -2.476149E-1
2.116412E1 -4.882537E-2 -2.481122E-1
2.118126E1 -4.763979E-2 -2.484350E-1
2.119840E1 -4.510690E-2 -2.491094E-1
2.121554E1 -4.226235E-2 -2.495913E-1
2.123267E1 -3.906765E-2 -2.501883E-1
2.124981E1 -3.512177E-2 -2.508454E-1
2.126695E1 -3.113525E-2 -2.515925E-1
2.128408E1 -2.664691E-2 -2.522947E-1
2.130122E1 -2.199781E-2 -2.529335E-1
2.131836E1 -1.667800E-2 -2.531773E-1
2.133549E1 -1.169126E-2 -2.535324E-1
2.135263E1 -6.761014E-3 -2.540254E-1
2.136977E1 -1.110940E-3 -2.542733E-1
2.138691E1 4.537669E-3 -2.543279E-1
2.140404E1 1.013056E-2 -2.543133E-1
2.142118E1 1.518429E-2 -2.541429E-1
2.143832E1 1.983840E-2 -2.538835E-1
2.145545E1 2.573389E-2 -2.534359E-1
2.147259E1 3.014662E-2 -2.529752E-1
2.148973E1 3.525957E-2 -2.522895E-1
2.150686E1 3.825570E-2 -2.521045E-1
2.152400E1 4.221710E-2 -2.514317E-1
2.154114E1 4.570477E-2 -2.506662E-1
2.155827E1 4.894209E-2 -2.500012E-1
2.157541E1 5.005677E-2 -2.497680E-1
2.159255E1 5.248371E-2 -2.491844E-1
2.160969E1 5.309349E-2 -2.490205E-1
2.162682E1 5.364033E-2 -2.489454E-1
2.164396E1 5.453741E-2 -2.485526E-1
2.166110E1 5.413080E-2 -2.485817E-1
2.167823E1 5.301967E-2 -2.484842E-1
2.169537E1 5.174653E-2 -2.486310E-1
2.171251E1 4.926288E-2 -2.489960E-1
2.172964E1 4.696731E-2 -2.491254E-1
2.174678E1 4.435073E-2 -2.492862E-1
2.176392E1 3.994789E-2 -2.499110E-1
2.178105E1 3.709991E-2 -2.500702E-1
2.179819E1 3.197694E-2 -2.507563E-1
2.181533E1 2.872904E-2 -2.509030E-1
2.183247E1 2.440673E-2 -2.511705E-1
2.184960E1 1.886080E-2 -2.516769E-1
2.186674E1 1.364354E-2 -2.518317E-1
2.188388E1 8.183541E-3 -2.519331E-1
2.190101E1 3.117790E-3 -2.519827E-1
2.191815E1 -2.293224E-3 -2.519981E-1
2.193529E1 -6.077549E-3 -2.519948E-1
2.195242E1 -1.300812E-2 -2.514344E-1
2.196956E1 -1.651688E-2 -2.513168E-1
2.198670E1 -2.240893E-2 -2.507438E-1
2.200384E1 -2.759304E-2 -2.501654E-1
2.202097E1 -3.055536E-2 -2.500502E-1
2.203811E1 -3.520765E-2 -2.495387E-1
2.205525E1 -3.698597E-2 -2.495703E-1
2.207238E1 -4.066898E-2 -2.489311E-1
2.208952E1 -4.433496E-2 -2.482554E-1
2.210666E1 -4.562603E-2 -2.480832E-1
2.212379E1 -4.784799E-2 -2.477146E-1
2.214093E1 -4.879748E-2 -2.476524E-1
2.215807E1 -4.931405E-2 -2.476168E-1
2.217520E1 -4.943995E-2 -2.476505E-1
2.219234E1 -4.916753E-2 -2.477032E-1
2.220948E1 -4.800869E-2 -2.482055E-1
2.222662E1 -4.624485E-2 -2.485847E-1
2.224375E1 -4.469085E-2 -2.491424E-1
2.226089E1 -4.213035E-2 -2.497486E-1
2.227803E1 -3.912830E-2 -2.501705E-1
2.229516E1 -3.545517E-2 -2.507808E-1
2.231230E1 -3.169809E-2 -2.515040E-1
2.232944E1 -2.773368E-2 -2.521490E-1
2.234657E1 -2.354070E-2 -2.527848E-1
2.236371E1 -1.856696E-2 -2.530733E-1
2.238085E1 -1.378563E-2 -2.533893E-1
2.239798E1 -8.778255E-3 -2.538863E-1
2.241512E1 -3.902839E-3 -2.541188E-1
2.243226E1 1.311354E-3 -2.541775E-1
2.244940E1 6.845034E-3 -2.542042E-1
2.246653E1 1.192981E-2 -2.540907E-1
2.248367E1 1.671381E-2 -2.540154E-1
2.250081E1 2.113739E-2 -2.538882E-1
2.251794E1 2.674897E-2 -2.532261E-1
2.253508E1 3.165177E-2 -2.525499E-1
2.255222E1 3.519938E-2 -2.521572E-1
2.256935E1 3.946191E-2 -2.515549E-1
2.258649E1 4.292433E-2 -2.508947E-1
2.260363E1 4.624735E-2 -2.499804E-1
2.262077E1 4.766952E-2 -2.498221E-1
2.263790E1 5.052396E-2 -2.492723E-1
2.265504E1 5.129236E-2 -2.491100E-1
2.267218E1 5.272009E-2 -2.488192E-1
2.268931E1 5.271931E-2 -2.486977E-1
2.270645E1 5.256802E-2 -2.485486E-1
2.272359E1 5.188967E-2 -2.484978E-1
2.274072E1 5.060450E-2 -2.484865E-1
2.275786E1 4.923946E-2 -2.486674E-1
2.277500E1 4.654758E-2 -2.490376E-1
2.279213E1 4.436921E-2 -2.491868E-1
2.280927E1 4.167237E-2 -2.493797E-1
2.282641E1 3.713651E-2 -2.499655E-1
2.284355E1 3.421866E-2 -2.502022E-1
2.286068E1 2.943342E-2 -2.507419E-1
2.287782E1 2.558964E-2 -2.509427E-1
2.289496E1 2.113302E-2 -2.513264E-1
2.291209E1 1.547948E-2 -2.516631E-1
2.292923E1 1.081222E-2 -2.518449E-1
2.294637E1 5.454588E-3 -2.519259E-1
2.296350E1 2.046419E-4 -2.519603E-1
2.298064E1 -4.011607E-3 -2.519416E-1
2.299778E1 -7.157319E-3 -2.519600E-1
2.301491E1 -1.440855E-2 -2.514222E-1
2.303205E1 -1.992016E-2 -2.509956E-1
2.304919E1 -2.328409E-2 -2.506988E-1
2.306633E1 -2.847515E-2 -2.501267E-1
2.308346E1 -3.135430E-2 -2.500105E-1
2.310060E1 -3.570036E-2 -2.495079E-1
2.311774E1 -3.703006E-2 -2.495953E-1
2.313487E1 -4.122995E-2 -2.488167E-1
2.315201E1 -4.228491E-2 -2.487013E-1
2.316915E1 -4.526107E-2 -2.482344E-1
2.318628E1 -4.656262E-2 -2.481851E-1
2.320342E1 -4.716045E-2 -2.481578E-1
2.322056E1 -4.744212E-2 -2.481859E-1
2.323770E1 -4.749459E-2 -2.482587E-1
2.325483E1 -4.706288E-2 -2.484319E-1
2.327197E1 -4.576344E-2 -2.488781E-1
2.328911E1 -4.368273E-2 -2.494174E-1
2.330624E1 -4.187151E-2 -2.497723E-1
2.332338E1 -3.917770E-2 -2.501967E-1
2.334052E1 -3.566474E-2 -2.507030E-1
2.335765E1 -3.304115E-2 -2.512791E-1
2.337479E1 -2.933241E-2 -2.518063E-1
2.339193E1 -2.502948E-2 -2.523522E-1
2.340906E1 -2.085129E-2 -2.528942E-1
2.342620E1 -1.612427E-2 -2.530779E-1
2.344334E1 -1.115690E-2 -2.533940E-1
2.346048E1 -6.244126E-3 -2.538758E-1
2.347761E1 -1.637156E-3 -2.539942E-1
2.349475E1 3.696947E-3 -2.540724E-1
2.351189E1 8.827331E-3 -2.540420E-1
2.352902E1 1.383919E-2 -2.538951E-1
2.354616E1 1.817259E-2 -2.539024E-1
2.356330E1 2.351529E-2 -2.533248E-1
2.358043E1 2.732077E-2 -2.530326E-1
2.359757E1 3.227634E-2 -2.523300E-1
2.361471E1 3.501905E-2 -2.522321E-1
2.363184E1 3.885862E-2 -2.514075E-1
2.364898E1 4.239896E-2 -2.508002E-1
2.366612E1 4.389381E-2 -2.506647E-1
2.368326E1 4.641748E-2 -2.498970E-1
2.370039E1 4.883468E-2 -2.492681E-1
2.371753E1 4.949191E-2 -2.491236E-1
2.373467E1 4.974139E-2 -2.491018E-1
2.375180E1 4.965985E-2 -2.490698E-1
2.376894E1 4.937368E-2 -2.490400E-1
2.378608E1 4.862992E-2 -2.490602E-1
2.380321E1 4.716602E-2 -2.491273E-1
2.382035E1 4.556561E-2 -2.491819E-1
2.383749E1 4.348018E-2 -2.492493E-1
2.385463E1 4.139586E-2 -2.493402E-1
2.387176E1 3.708231E-2 -2.499665E-1
2.388890E1 3.446787E-2 -2.500594E-1
2.390604E1 3.389639E-2 -2.501235E-1
2.392317E1 2.674368E-2 -2.508809E-1
2.394031E1 2.314614E-2 -2.510389E-1
2.395745E1 1.850757E-2 -2.513631E-1
2.397458E1 1.361556E-2 -2.516960E-1
2.399172E1 8.571727E-3 -2.518523E-1
2.400886E1 3.471979E-3 -2.519429E-1
2.402599E1 -1.280838E-3 -2.519653E-1
2.404313E1 -5.381194E-3 -2.519256E-1
2.406027E1 -1.143689E-2 -2.515610E-1
2.407741E1 -1.519904E-2 -2.513803E-1
2.409454E1 -2.051325E-2 -2.509307E-1
2.411168E1 -2.357713E-2 -2.507362E-1
2.412882E1 -2.832169E-2 -2.501828E-1
2.414595E1 -3.135860E-2 -2.500493E-1
2.416309E1 -3.524338E-2 -2.497075E-1
2.418023E1 -3.783797E-2 -2.493617E-1
2.419736E1 -4.069039E-2 -2.490925E-1
2.421450E1 -4.226800E-2 -2.487552E-1
2.423164E1 -4.289068E-2 -2.489153E-1
2.424877E1 -4.499210E-2 -2.484677E-1
2.426591E1 -4.561502E-2 -2.484057E-1
2.428305E1 -4.572611E-2 -2.484329E-1
2.430019E1 -4.518950E-2 -2.486614E-1
2.431732E1 -4.275427E-2 -2.494337E-1
2.433446E1 -4.119676E-2 -2.497688E-1
2.435160E1 -3.871184E-2 -2.501805E-1
2.436873E1 -3.568709E-2 -2.506968E-1
2.438587E1 -3.320901E-2 -2.512247E-1
2.440301E1 -2.964734E-2 -2.517099E-1
2.442014E1 -2.589190E-2 -2.522522E-1
2.443728E1 -1.721924E-2 -2.529634E-1
2.445442E1 -1.299078E-2 -2.532143E-1
2.447156E1 -8.361658E-3 -2.534922E-1
2.448869E1 -3.623135E-3 -2.537476E-1
2.450583E1 7.384607E-4 -2.539456E-1
2.452297E1 5.498458E-3 -2.540138E-1
2.454010E1 1.042377E-2 -2.539400E-1
2.455724E1 1.455604E-2 -2.539738E-1
2.457438E1 2.004460E-2 -2.534748E-1
2.459151E1 2.408846E-2 -2.531589E-1
2.460865E1 2.869820E-2 -2.525279E-1
2.462579E1 3.181232E-2 -2.522591E-1
2.464292E1 3.592857E-2 -2.514865E-1
2.466006E1 3.942674E-2 -2.509775E-1
2.467720E1 4.125173E-2 -2.506494E-1
2.469434E1 4.409017E-2 -2.499388E-1
2.471147E1 4.485944E-2 -2.498299E-1
2.472861E1 4.727452E-2 -2.492248E-1
2.474575E1 4.775046E-2 -2.490828E-1
2.476288E1 4.794542E-2 -2.490691E-1
2.478002E1 4.783833E-2 -2.490702E-1
2.479716E1 4.737928E-2 -2.491006E-1
2.481429E1 4.648817E-2 -2.491142E-1
2.483143E1 4.487425E-2 -2.491835E-1
2.484857E1 4.315552E-2 -2.492692E-1
2.486570E1 4.085952E-2 -2.493542E-1
2.488284E1 4.134454E-2 -2.492336E-1
2.489998E1 3.431071E-2 -2.500855E-1
2.491712E1 3.196199E-2 -2.501571E-1
2.493425E1 2.694777E-2 -2.508236E-1
2.495139E1 2.358709E-2 -2.509589E-1
2.496853E1 1.971466E-2 -2.511275E-1
2.498566E1 1.567933E-2 -2.514583E-1
2.500280E1 1.099996E-2 -2.516869E-1
2.501994E1 6.180175E-3 -2.518365E-1
2.503707E1 1.413070E-3 -2.518986E-1
2.505421E1 -2.983101E-3 -2.519393E-1
2.507135E1 -6.052119E-3 -2.519638E-1
2.508848E1 -1.256851E-2 -2.515032E-1
2.510562E1 -1.631181E-2 -2.513700E-1
2.512276E1 -2.127147E-2 -2.509175E-1
2.513990E1 -2.418760E-2 -2.507452E-1
2.515703E1 -3.135918E-2 -2.501000E-1
2.517417E1 -3.688370E-2 -2.496481E-1
2.519131E1 -3.839221E-2 -2.495456E-1
2.520844E1 -4.209132E-2 -2.491416E-1
2.522558E1 -4.274963E-2 -2.491112E-1
2.524272E1 -4.287586E-2 -2.491295E-1
2.525985E1 -4.280574E-2 -2.491116E-1
2.527699E1 -4.261425E-2 -2.491921E-1
2.529413E1 -4.131540E-2 -2.496364E-1
2.531127E1 -3.997156E-2 -2.499461E-1
2.532840E1 -3.578608E-2 -2.505594E-1
2.534554E1 -3.302970E-2 -2.509939E-1
2.536268E1 -3.000149E-2 -2.515037E-1
2.537981E1 -2.640960E-2 -2.520963E-1
2.539695E1 -2.293801E-2 -2.524648E-1
2.541409E1 -1.883025E-2 -2.528406E-1
2.543122E1 -1.464989E-2 -2.530098E-1
2.544836E1 -1.010611E-2 -2.532460E-1
2.546550E1 -5.684573E-3 -2.534547E-1
2.548263E1 -1.073435E-3 -2.537049E-1
2.549977E1 3.699508E-3 -2.536518E-1
2.551691E1 8.193706E-3 -2.535659E-1
2.553405E1 1.265897E-2 -2.534546E-1
2.555118E1 1.694808E-2 -2.532478E-1
2.556832E1 2.111910E-2 -2.531013E-1
2.558546E1 2.574116E-2 -2.525441E-1
2.560259E1 2.907706E-2 -2.523041E-1
2.561973E1 3.300696E-2 -2.516091E-1
2.563687E1 3.536007E-2 -2.514175E-1
2.565400E1 3.878494E-2 -2.508567E-1
2.567114E1 4.153190E-2 -2.501401E-1
2.568828E1 4.265964E-2 -2.498725E-1
2.570541E1 4.482032E-2 -2.493107E-1
2.572255E1 4.556291E-2 -2.491690E-1
2.573969E1 4.604106E-2 -2.491297E-1
2.575683E1 4.600618E-2 -2.491046E-1
2.577396E1 4.565175E-2 -2.490841E-1
2.579110E1 4.490468E-2 -2.491251E-1
2.580824E1 4.372207E-2 -2.491952E-1
2.582537E1 4.209916E-2 -2.492384E-1
2.584251E1 4.015068E-2 -2.493183E-1
2.585965E1 3.799683E-2 -2.494704E-1
2.587678E1 3.413485E-2 -2.499720E-1
2.589392E1 3.172009E-2 -2.501090E-1
2.591106E1 2.878463E-2 -2.503202E-1
2.592820E1 2.412835E-2 -2.508066E-1
2.594533E1 2.053994E-2 -2.510292E-1
2.596247E1 1.654011E-2 -2.512514E-1
2.597961E1 1.558276E-2 -2.516571E-1
2.599674E1 7.982749E-3 -2.517732E-1
2.601388E1 3.494480E-3 -2.518701E-1
2.603102E1 -5.997558E-4 -2.519027E-1
2.604815E1 -4.710384E-3 -2.518979E-1
2.606529E1 -7.810413E-3 -2.519303E-1
2.608243E1 -1.426019E-2 -2.514381E-1
2.609956E1 -1.732656E-2 -2.513637E-1
2.611670E1 -2.242303E-2 -2.508711E-1
2.613384E1 -2.525006E-2 -2.507914E-1
2.615098E1 -2.936680E-2 -2.502504E-1
2.616811E1 -3.149524E-2 -2.501238E-1
2.618525E1 -3.332892E-2 -2.501508E-1
2.620239E1 -3.687914E-2 -2.497958E-1
2.621952E1 -3.780385E-2 -2.496305E-1
2.623666E1 -3.915790E-2 -2.495987E-1
2.625380E1 -4.001846E-2 -2.494809E-1
2.627093E1 -4.066541E-2 -2.496321E-1
2.628807E1 -4.077249E-2 -2.495694E-1
2.630521E1 -4.072627E-2 -2.497955E-1
2.632234E1 -4.028514E-2 -2.497976E-1
2.633948E1 -3.885440E-2 -2.501445E-1
2.635662E1 -3.741342E-2 -2.502825E-1
2.637376E1 -3.495619E-2 -2.507670E-1
2.639089E1 -3.311319E-2 -2.511006E-1
2.640803E1 -3.016457E-2 -2.515999E-1
2.642517E1 -2.662697E-2 -2.521602E-1
2.644230E1 -2.347981E-2 -2.524798E-1
2.645944E1 -1.982847E-2 -2.529385E-1
2.647658E1 -1.561723E-2 -2.529107E-1
2.649371E1 -1.144451E-2 -2.531649E-1
2.651085E1 -7.324567E-3 -2.534152E-1
2.652799E1 -2.865602E-3 -2.535802E-1
2.654513E1 1.560544E-3 -2.536342E-1
2.656226E1 6.095237E-3 -2.535865E-1
2.657940E1 1.029506E-2 -2.534115E-1
2.659654E1 1.460344E-2 -2.532107E-1
2.661367E1 1.870408E-2 -2.531149E-1
2.663081E1 2.294912E-2 -2.527056E-1
2.664795E1 2.660516E-2 -2.523230E-1
2.666508E1 3.056523E-2 -2.519438E-1
2.668222E1 3.305126E-2 -2.514161E-1
2.669936E1 3.648923E-2 -2.508678E-1
2.671649E1 3.804488E-2 -2.507159E-1
2.673363E1 4.059601E-2 -2.500224E-1
2.675077E1 4.139073E-2 -2.498996E-1
2.676791E1 4.354974E-2 -2.493186E-1
2.678504E1 4.415483E-2 -2.491563E-1
2.680218E1 4.432887E-2 -2.491302E-1
2.681932E1 4.419377E-2 -2.490899E-1
2.683645E1 4.370662E-2 -2.491392E-1
2.685359E1 4.282927E-2 -2.491702E-1
2.687073E1 4.143405E-2 -2.492348E-1
2.688786E1 3.974721E-2 -2.492723E-1
2.690500E1 3.784178E-2 -2.493834E-1
2.692214E1 3.180481E-2 -2.500246E-1
2.693927E1 2.906669E-2 -2.502549E-1
2.695641E1 2.154354E-2 -2.509614E-1
2.697355E1 1.784319E-2 -2.511177E-1
2.699069E1 1.258650E-2 -2.517671E-1
2.700782E1 5.647993E-3 -2.518271E-1
2.702496E1 1.252064E-3 -2.518844E-1
2.704210E1 -2.373516E-3 -2.519266E-1
2.705923E1 -5.497154E-3 -2.519319E-1
2.707637E1 -1.159156E-2 -2.515896E-1
2.709351E1 -1.502142E-2 -2.514334E-1
2.711064E1 -1.809600E-2 -2.513496E-1
2.712778E1 -2.557431E-2 -2.507395E-1
2.714492E1 -2.740696E-2 -2.507797E-1
2.716206E1 -3.132764E-2 -2.501770E-1
2.717919E1 -3.326869E-2 -2.501493E-1
2.719633E1 -3.482716E-2 -2.501415E-1
2.721347E1 -3.623638E-2 -2.500874E-1
2.723060E1 -3.863860E-2 -2.497641E-1
2.724774E1 -3.915327E-2 -2.498780E-1
2.726488E1 -3.827295E-2 -2.500529E-1
2.728201E1 -3.750390E-2 -2.502345E-1
2.729915E1 -3.657875E-2 -2.503537E-1
2.731629E1 -3.438529E-2 -2.508041E-1
2.733342E1 -3.260884E-2 -2.511259E-1
2.735056E1 -2.982223E-2 -2.515666E-1
2.736770E1 -2.729353E-2 -2.518644E-1
2.738484E1 -2.402837E-2 -2.522874E-1
2.740197E1 -2.073549E-2 -2.527185E-1
2.741911E1 -1.691836E-2 -2.529547E-1
2.743625E1 -1.301858E-2 -2.530379E-1
2.745338E1 -8.896965E-3 -2.532287E-1
2.747052E1 -4.806127E-3 -2.533607E-1
2.748766E1 -6.301435E-4 -2.534947E-1
2.750479E1 3.599478E-3 -2.534431E-1
2.752193E1 7.910412E-3 -2.534756E-1
2.753907E1 1.183882E-2 -2.532789E-1
2.755620E1 1.594736E-2 -2.532117E-1
2.757334E1 1.912226E-2 -2.530330E-1
2.759048E1 2.362694E-2 -2.525085E-1
2.760762E1 2.661255E-2 -2.522817E-1
2.762475E1 3.066448E-2 -2.516854E-1
2.764189E1 3.235400E-2 -2.514522E-1
2.765903E1 3.547218E-2 -2.508111E-1
2.767616E1 3.680704E-2 -2.506684E-1
2.769330E1 3.935395E-2 -2.500703E-1
2.771044E1 3.991454E-2 -2.499558E-1
2.772757E1 4.198918E-2 -2.493464E-1
2.774471E1 4.225383E-2 -2.492876E-1
2.776185E1 4.217038E-2 -2.492175E-1
2.777899E1 4.192665E-2 -2.491444E-1
2.779612E1 4.135626E-2 -2.491852E-1
2.781326E1 4.014683E-2 -2.492413E-1
2.783040E1 3.865689E-2 -2.493264E-1
2.784753E1 3.668510E-2 -2.493592E-1
2.786467E1 3.119100E-2 -2.500229E-1
2.788181E1 2.889924E-2 -2.501766E-1
2.789894E1 2.603252E-2 -2.503541E-1
2.791608E1 2.282733E-2 -2.505586E-1
2.793322E1 1.859133E-2 -2.509510E-1
2.795035E1 1.481286E-2 -2.510915E-1
2.796749E1 1.101325E-2 -2.512797E-1
2.798463E1 3.650835E-3 -2.517195E-1
2.800177E1 -3.270053E-4 -2.517918E-1
2.801890E1 -3.498913E-3 -2.518961E-1
2.803604E1 -6.750381E-3 -2.519363E-1
2.805318E1 -1.314400E-2 -2.515050E-1
2.807031E1 -1.616588E-2 -2.513838E-1
2.808745E1 -1.881248E-2 -2.513279E-1
2.810459E1 -2.333666E-2 -2.509014E-1
2.812172E1 -2.542397E-2 -2.507458E-1
2.813886E1 -2.762307E-2 -2.506823E-1
2.815600E1 -3.115867E-2 -2.502505E-1
2.817313E1 -3.314291E-2 -2.501635E-1
2.819027E1 -3.456072E-2 -2.501611E-1
2.820741E1 -3.557408E-2 -2.501458E-1
2.822455E1 -3.632578E-2 -2.501163E-1
2.824168E1 -3.698578E-2 -2.502066E-1
2.825882E1 -3.702076E-2 -2.502562E-1
2.827596E1 -3.686428E-2 -2.502615E-1
2.829309E1 -3.642857E-2 -2.502548E-1
2.831023E1 -3.538839E-2 -2.504802E-1
2.832737E1 -3.370275E-2 -2.508332E-1
2.834450E1 -3.204432E-2 -2.510639E-1
2.836164E1 -2.965973E-2 -2.515397E-1
2.837878E1 -2.723712E-2 -2.517801E-1
2.839592E1 -2.419535E-2 -2.522202E-1
2.841305E1 -2.120871E-2 -2.524633E-1
2.843019E1 -1.774409E-2 -2.527773E-1
2.844733E1 -1.398108E-2 -2.528621E-1
2.846446E1 -1.018180E-2 -2.530566E-1
2.848160E1 -6.254085E-3 -2.532103E-1
2.849874E1 -2.099908E-3 -2.532053E-1
2.851587E1 1.514658E-3 -2.531899E-1
2.853301E1 5.701239E-3 -2.532780E-1
2.855015E1 9.440423E-3 -2.532004E-1
2.856728E1 1.335533E-2 -2.531529E-1
2.858442E1 1.676559E-2 -2.530259E-1
2.860156E1 2.120094E-2 -2.525197E-1
2.861870E1 2.439408E-2 -2.523301E-1
2.863583E1 2.825554E-2 -2.517734E-1
2.865297E1 3.027433E-2 -2.515070E-1
2.867011E1 3.358102E-2 -2.509216E-1
2.868724E1 3.469815E-2 -2.507255E-1
2.870438E1 3.751672E-2 -2.500503E-1
2.872152E1 3.838860E-2 -2.499526E-1
2.873865E1 3.888043E-2 -2.498841E-1
2.875579E1 4.074340E-2 -2.493972E-1
2.877293E1 4.081978E-2 -2.492860E-1
2.879006E1 4.062996E-2 -2.491972E-1
2.880720E1 4.009599E-2 -2.492361E-1
2.882434E1 3.926505E-2 -2.492438E-1
2.884148E1 3.790138E-2 -2.493118E-1
2.885861E1 3.636473E-2 -2.493716E-1
2.887575E1 3.436470E-2 -2.494763E-1
2.889289E1 3.212930E-2 -2.496349E-1
2.891002E1 2.886247E-2 -2.500146E-1
2.892716E1 2.634017E-2 -2.501839E-1
2.894430E1 2.346735E-2 -2.503677E-1
2.896143E1 1.949526E-2 -2.508366E-1
2.897857E1 1.602593E-2 -2.510391E-1
2.899571E1 1.220224E-2 -2.511906E-1
2.901284E1 8.511841E-3 -2.513266E-1
2.902998E1 4.597751E-3 -2.514464E-1
2.904712E1 4.732259E-4 -2.514459E-1
2.906426E1 -3.504418E-3 -2.514375E-1
2.908139E1 -7.338383E-3 -2.513662E-1
2.909853E1 -1.107094E-2 -2.513359E-1
2.911567E1 -1.427864E-2 -2.512425E-1
2.913280E1 -1.819396E-2 -2.510762E-1
2.914994E1 -2.169150E-2 -2.507823E-1
2.916708E1 -2.409584E-2 -2.506470E-1
2.918421E1 -2.516347E-2 -2.508215E-1
2.920135E1 -2.952924E-2 -2.503097E-1
2.921849E1 -3.139185E-2 -2.500929E-1
2.923563E1 -3.294017E-2 -2.500691E-1
2.925276E1 -3.416057E-2 -2.500200E-1
2.926990E1 -3.505697E-2 -2.500939E-1
2.928704E1 -3.601748E-2 -2.501368E-1
2.930417E1 -3.590491E-2 -2.501912E-1
2.932131E1 -3.548565E-2 -2.502999E-1
2.933845E1 -3.455504E-2 -2.505416E-1
2.935558E1 -3.310239E-2 -2.508335E-1
2.937272E1 -3.160895E-2 -2.510177E-1
2.938986E1 -2.938111E-2 -2.514851E-1
2.940699E1 -2.716691E-2 -2.517098E-1
2.942413E1 -2.437168E-2 -2.522107E-1
2.944127E1 -1.839896E-2 -2.528537E-1
2.945841E1 -1.489469E-2 -2.529082E-1
2.947554E1 -1.126874E-2 -2.529931E-1
2.949268E1 -7.517067E-3 -2.530249E-1
2.950982E1 -3.624736E-3 -2.531293E-1
2.952695E1 3.930784E-4 -2.531387E-1
2.954409E1 4.275303E-3 -2.529753E-1
2.956123E1 8.083533E-3 -2.528979E-1
2.957836E1 1.192627E-2 -2.527951E-1
2.959550E1 1.549315E-2 -2.526273E-1
2.961264E1 1.897546E-2 -2.522711E-1
2.962977E1 2.277288E-2 -2.519890E-1
2.964691E1 2.573942E-2 -2.516128E-1
2.966405E1 2.890053E-2 -2.512109E-1
2.968119E1 3.115156E-2 -2.508104E-1
2.969832E1 3.383519E-2 -2.502506E-1
2.971546E1 3.560081E-2 -2.500118E-1
2.973260E1 3.759370E-2 -2.495062E-1
2.974973E1 3.857394E-2 -2.493521E-1
2.976687E1 3.921892E-2 -2.492508E-1
2.978401E1 3.955992E-2 -2.491017E-1
2.980114E1 3.973473E-2 -2.490827E-1
2.981828E1 3.954529E-2 -2.491437E-1
2.983542E1 3.866009E-2 -2.491961E-1
2.985256E1 3.753125E-2 -2.492325E-1
2.986969E1 3.624234E-2 -2.493132E-1
2.988683E1 3.470030E-2 -2.493601E-1
2.990397E1 3.255339E-2 -2.494795E-1
2.992110E1 3.055142E-2 -2.496032E-1
2.993824E1 2.705680E-2 -2.500499E-1
2.995538E1 2.441064E-2 -2.502214E-1
2.997251E1 2.133278E-2 -2.504775E-1
2.998965E1 1.791580E-2 -2.508545E-1
3.000679E1 1.443737E-2 -2.510575E-1
3.002392E1 1.066553E-2 -2.512039E-1
3.004106E1 6.976982E-3 -2.513376E-1
3.005820E1 3.157760E-3 -2.514200E-1
3.007534E1 -5.442287E-4 -2.514405E-1
3.009247E1 -4.435870E-3 -2.514311E-1
3.010961E1 -7.976621E-3 -2.514072E-1
3.012675E1 -1.145866E-2 -2.513068E-1
3.014388E1 -1.439452E-2 -2.512674E-1
3.016102E1 -1.699878E-2 -2.512838E-1
3.017816E1 -2.121156E-2 -2.509279E-1
3.019529E1 -2.350604E-2 -2.507928E-1
3.021243E1 -2.561852E-2 -2.507361E-1
3.022957E1 -2.746102E-2 -2.507635E-1
3.024670E1 -3.008472E-2 -2.504109E-1
3.026384E1 -3.151167E-2 -2.502522E-1
3.028098E1 -3.244252E-2 -2.502617E-1
3.029812E1 -3.318510E-2 -2.502540E-1
3.031525E1 -3.372009E-2 -2.502326E-1
3.033239E1 -3.387105E-2 -2.503083E-1
3.034953E1 -3.358054E-2 -2.503175E-1
3.036666E1 -3.310403E-2 -2.505667E-1
3.038380E1 -3.182503E-2 -2.507959E-1
3.040094E1 -3.045230E-2 -2.509891E-1
3.041807E1 -2.848736E-2 -2.513748E-1
3.043521E1 -2.661106E-2 -2.516255E-1
3.045235E1 -2.437017E-2 -2.518856E-1
3.046949E1 -2.148232E-2 -2.521700E-1
3.048662E1 -1.849254E-2 -2.523910E-1
3.050376E1 -1.559290E-2 -2.527356E-1
3.052090E1 -1.214276E-2 -2.528200E-1
3.053803E1 -4.928515E-3 -2.529213E-1
3.055517E1 6.339866E-3 -2.529360E-1
3.057231E1 9.704440E-3 -2.527309E-1
3.058944E1 1.343549E-2 -2.525251E-1
3.060658E1 1.684988E-2 -2.523271E-1
3.062372E1 2.342524E-2 -2.516306E-1
3.064085E1 2.899429E-2 -2.509192E-1
3.065799E1 3.165677E-2 -2.503651E-1
3.067513E1 3.343588E-2 -2.500859E-1
3.069227E1 3.665812E-2 -2.493421E-1
3.070940E1 3.731415E-2 -2.492993E-1
3.072654E1 3.753914E-2 -2.491812E-1
3.074368E1 3.767306E-2 -2.491239E-1
3.076081E1 3.771397E-2 -2.491560E-1
3.077795E1 3.731767E-2 -2.491813E-1
3.079509E1 3.633524E-2 -2.492315E-1
3.081222E1 3.496191E-2 -2.493098E-1
3.082936E1 3.346705E-2 -2.493774E-1
3.084650E1 3.165024E-2 -2.493943E-1
3.086363E1 2.967804E-2 -2.494991E-1
3.088077E1 2.745890E-2 -2.495839E-1
3.089791E1 2.500697E-2 -2.496816E-1
3.091505E1 2.143368E-2 -2.501639E-1
3.093218E1 1.853982E-2 -2.503003E-1
3.094932E1 1.509867E-2 -2.505306E-1
3.096646E1 1.178595E-2 -2.507158E-1
3.098359E1 8.410973E-3 -2.509209E-1
3.100073E1 4.650736E-3 -2.510614E-1
3.101787E1 9.868373E-4 -2.511673E-1
3.103500E1 -2.593754E-3 -2.511949E-1
3.105214E1 -5.779554E-3 -2.511865E-1
3.106928E1 -8.516460E-3 -2.511636E-1
3.108642E1 -1.121479E-2 -2.512674E-1
3.110355E1 -1.603206E-2 -2.507729E-1
3.112069E1 -1.837738E-2 -2.506678E-1
3.113783E1 -2.054627E-2 -2.506555E-1
3.115496E1 -2.270633E-2 -2.505747E-1
3.117210E1 -2.584085E-2 -2.501931E-1
3.118924E1 -2.737824E-2 -2.500936E-1
3.120637E1 -2.865374E-2 -2.500331E-1
3.122351E1 -2.959649E-2 -2.499586E-1
3.124065E1 -3.108395E-2 -2.497056E-1
