0.000000E0 1.228699E-1 -2.407348E-1
1.763550E-2 1.217554E-1 -2.410938E-1
3.527100E-2 1.191450E-1 -2.429190E-1
5.290650E-2 1.113438E-1 -2.454325E-1
7.054201E-2 1.016988E-1 -2.471869E-1
8.817751E-2 8.795871E-2 -2.511218E-1
1.058130E-1 8.423763E-2 -2.529357E-1
1.234485E-1 7.719178E-2 -2.539757E-1
1.410840E-1 7.129392E-2 -2.513244E-1
1.587195E-1 6.611047E-2 -2.512722E-1
1.763550E-1 5.867810E-2 -2.521327E-1
1.939905E-1 5.067934E-2 -2.538688E-1
2.116260E-1 4.671129E-2 -2.516538E-1
2.292615E-1 4.409219E-2 -2.519103E-1
2.468970E-1 4.041798E-2 -2.526739E-1
2.645325E-1 3.728084E-2 -2.550055E-1
2.821680E-1 2.612165E-2 -2.565651E-1
2.998035E-1 1.277182E-2 -2.563677E-1
3.174390E-1 2.409489E-4 -2.571494E-1
3.350745E-1 -9.179985E-3 -2.573068E-1
3.527100E-1 -1.664512E-2 -2.573734E-1
3.703455E-1 -2.537885E-2 -2.570576E-1
3.879810E-1 -3.395702E-2 -2.557555E-1
4.056165E-1 -4.132290E-2 -2.543672E-1
4.232520E-1 -4.675292E-2 -2.531303E-1
4.408875E-1 -4.987337E-2 -2.520700E-1
4.585230E-1 -5.431956E-2 -2.509272E-1
4.761585E-1 -5.927678E-2 -2.497253E-1
4.937940E-1 -6.561644E-2 -2.483747E-1
5.114295E-1 -7.175180E-2 -2.469116E-1
5.290650E-1 -7.749296E-2 -2.452885E-1
5.467005E-1 -8.272790E-2 -2.438664E-1
5.643360E-1 -8.727088E-2 -2.422488E-1
5.819715E-1 -9.060037E-2 -2.409211E-1
5.996071E-1 -9.323018E-2 -2.400777E-1
6.172426E-1 -9.399049E-2 -2.398119E-1
6.348781E-1 -9.364802E-2 -2.399541E-1
6.525136E-1 -9.131337E-2 -2.405683E-1
6.701491E-1 -8.873033E-2 -2.414606E-1
6.877846E-1 -8.483819E-2 -2.428884E-1
7.054201E-1 -8.082522E-2 -2.442147E-1
7.230556E-1 -7.697219E-2 -2.456459E-1
7.406911E-1 -7.301472E-2 -2.468785E-1
7.583266E-1 -6.874976E-2 -2.480412E-1
7.759621E-1 -6.466362E-2 -2.493712E-1
7.935976E-1 -5.992454E-2 -2.505141E-1
8.112331E-1 -5.473273E-2 -2.519269E-1
8.288686E-1 -4.914222E-2 -2.529744E-1
8.465041E-1 -4.130835E-2 -2.540973E-1
8.641396E-1 -3.300390E-2 -2.553016E-1
8.817751E-1 -2.388318E-2 -2.563137E-1
8.994106E-1 -1.378826E-2 -2.570717E-1
9.170461E-1 -4.133637E-3 -2.574011E-1
9.346816E-1 5.256318E-3 -2.572791E-1
9.523171E-1 1.321408E-2 -2.571291E-1
9.699526E-1 2.144485E-2 -2.565900E-1
9.875881E-1 2.825315E-2 -2.559519E-1
1.005224E0 3.469051E-2 -2.552802E-1
1.022859E0 4.058725E-2 -2.544116E-1
1.040495E0 4.721228E-2 -2.529685E-1
1.058130E0 5.292963E-2 -2.520883E-1
1.075766E0 5.946502E-2 -2.504873E-1
1.093401E0 6.467879E-2 -2.496531E-1
1.111037E0 7.060870E-2 -2.479968E-1
1.128672E0 7.576174E-2 -2.463166E-1
1.146308E0 8.091000E-2 -2.447501E-1
1.163943E0 8.355631E-2 -2.438487E-1
1.181579E0 8.577053E-2 -2.431026E-1
1.199214E0 8.757410E-2 -2.425017E-1
1.216850E0 8.734699E-2 -2.424978E-1
1.234485E0 8.659819E-2 -2.424333E-1
1.252121E0 8.467313E-2 -2.431311E-1
1.269756E0 8.318855E-2 -2.433796E-1
1.287392E0 8.052016E-2 -2.440178E-1
1.305027E0 7.655251E-2 -2.456067E-1
1.322663E0 7.355423E-2 -2.463203E-1
1.340298E0 7.050598E-2 -2.473703E-1
1.357934E0 6.574976E-2 -2.486657E-1
1.375569E0 5.607960E-2 -2.511758E-1
1.393205E0 4.922105E-2 -2.526266E-1
1.410840E0 4.281762E-2 -2.536502E-1
1.428476E0 3.443661E-2 -2.550035E-1
1.446111E0 2.606532E-2 -2.556240E-1
1.463747E0 1.791329E-2 -2.563117E-1
1.481382E0 9.588825E-3 -2.567522E-1
1.499018E0 1.361294E-3 -2.567452E-1
1.516653E0 -6.836228E-3 -2.565897E-1
1.534289E0 -1.473742E-2 -2.564041E-1
1.551924E0 -2.207733E-2 -2.562380E-1
1.569560E0 -2.999605E-2 -2.555329E-1
1.587195E0 -3.715295E-2 -2.554929E-1
1.604831E0 -4.515217E-2 -2.537988E-1
1.622466E0 -5.223245E-2 -2.532655E-1
1.640102E0 -5.952500E-2 -2.517575E-1
1.657737E0 -7.273365E-2 -2.484982E-1
1.675373E0 -7.836423E-2 -2.465795E-1
1.693008E0 -8.314385E-2 -2.448198E-1
1.710644E0 -8.685831E-2 -2.438516E-1
1.728279E0 -8.977330E-2 -2.428226E-1
1.745915E0 -9.213241E-2 -2.420455E-1
1.763550E0 -9.351061E-2 -2.419758E-1
1.781186E0 -9.421240E-2 -2.417909E-1
1.798821E0 -9.442852E-2 -2.421379E-1
1.816457E0 -9.385791E-2 -2.422182E-1
1.834092E0 -9.305344E-2 -2.423653E-1
1.851728E0 -9.128850E-2 -2.429539E-1
1.869363E0 -8.903519E-2 -2.438429E-1
1.886999E0 -8.606690E-2 -2.449458E-1
1.904634E0 -8.202770E-2 -2.465709E-1
1.922270E0 -7.746659E-2 -2.479488E-1
1.939905E0 -7.207207E-2 -2.501171E-1
1.957541E0 -6.594892E-2 -2.516399E-1
1.975176E0 -5.911528E-2 -2.530897E-1
1.992812E0 -5.176220E-2 -2.549494E-1
2.010447E0 -4.445577E-2 -2.562688E-1
2.028083E0 -3.642114E-2 -2.578690E-1
2.045718E0 -2.835682E-2 -2.584889E-1
2.063354E0 -2.002034E-2 -2.591678E-1
2.080989E0 -1.178741E-2 -2.595605E-1
2.098625E0 -3.717512E-3 -2.598260E-1
2.116260E0 4.344988E-3 -2.599939E-1
2.133896E0 1.244135E-2 -2.599944E-1
2.151531E0 1.988890E-2 -2.590845E-1
2.169167E0 2.704739E-2 -2.585250E-1
2.186802E0 3.446699E-2 -2.576760E-1
2.204438E0 4.199834E-2 -2.568203E-1
2.222073E0 4.890522E-2 -2.558549E-1
2.239709E0 5.425018E-2 -2.546917E-1
2.257344E0 6.006646E-2 -2.536543E-1
2.274980E0 6.428382E-2 -2.523203E-1
2.292615E0 6.866852E-2 -2.511900E-1
2.310251E0 7.230400E-2 -2.500960E-1
2.327886E0 7.461211E-2 -2.490995E-1
2.345522E0 7.694289E-2 -2.482638E-1
2.363157E0 7.888987E-2 -2.478111E-1
2.380793E0 7.952730E-2 -2.476021E-1
2.398428E0 7.969087E-2 -2.474780E-1
2.416064E0 7.932930E-2 -2.476450E-1
2.433699E0 7.830395E-2 -2.481073E-1
2.451335E0 7.637036E-2 -2.487443E-1
2.468970E0 7.357009E-2 -2.495228E-1
2.486606E0 6.984021E-2 -2.503737E-1
2.504241E0 6.523035E-2 -2.514602E-1
2.521877E0 6.083647E-2 -2.527232E-1
2.539512E0 5.531257E-2 -2.535741E-1
2.557148E0 4.930483E-2 -2.547920E-1
2.574783E0 4.381989E-2 -2.558335E-1
2.592419E0 3.702293E-2 -2.569638E-1
2.610054E0 3.075614E-2 -2.584758E-1
2.627690E0 2.376633E-2 -2.591607E-1
2.645325E0 1.636117E-2 -2.598629E-1
2.662961E0 9.503485E-3 -2.613668E-1
2.680596E0 1.313743E-3 -2.614682E-1
2.698232E0 -6.242125E-3 -2.619803E-1
2.715867E0 -1.418790E-2 -2.617352E-1
2.733503E0 -2.280916E-2 -2.612556E-1
2.751138E0 -3.047284E-2 -2.610329E-1
2.768774E0 -3.820704E-2 -2.603724E-1
2.786409E0 -4.556148E-2 -2.593978E-1
2.804045E0 -5.230157E-2 -2.585059E-1
2.821680E0 -5.855473E-2 -2.573230E-1
2.839316E0 -6.510468E-2 -2.557043E-1
2.856951E0 -7.031178E-2 -2.548798E-1
2.874587E0 -7.567193E-2 -2.529507E-1
2.892222E0 -7.981199E-2 -2.520071E-1
2.909858E0 -8.327399E-2 -2.511686E-1
2.927493E0 -8.624177E-2 -2.507093E-1
2.945129E0 -8.859441E-2 -2.496904E-1
2.962764E0 -9.043964E-2 -2.491312E-1
2.980400E0 -9.193277E-2 -2.483627E-1
2.998035E0 -9.232408E-2 -2.478674E-1
3.015671E0 -9.238077E-2 -2.479142E-1
3.033306E0 -9.196517E-2 -2.483369E-1
3.050942E0 -9.037398E-2 -2.490524E-1
3.068577E0 -8.839870E-2 -2.496795E-1
3.086213E0 -8.572937E-2 -2.505156E-1
3.103848E0 -8.176355E-2 -2.520980E-1
3.121484E0 -7.796839E-2 -2.533709E-1
3.139119E0 -7.271616E-2 -2.547580E-1
3.156755E0 -6.759198E-2 -2.557104E-1
3.174390E0 -6.117610E-2 -2.574875E-1
3.192026E0 -5.429402E-2 -2.589657E-1
3.209661E0 -4.755628E-2 -2.599387E-1
3.227297E0 -4.052420E-2 -2.611554E-1
3.244932E0 -3.276852E-2 -2.619784E-1
3.262568E0 -2.477768E-2 -2.629919E-1
3.280203E0 -1.643522E-2 -2.636757E-1
3.297839E0 -8.710824E-3 -2.637860E-1
3.315474E0 -5.580761E-4 -2.639603E-1
3.333110E0 7.909591E-3 -2.638582E-1
3.350745E0 1.500339E-2 -2.633695E-1
3.368381E0 2.252270E-2 -2.626085E-1
3.386016E0 3.024021E-2 -2.617368E-1
3.403652E0 3.774530E-2 -2.607836E-1
3.421287E0 4.374577E-2 -2.594951E-1
3.438923E0 5.095809E-2 -2.585435E-1
3.456558E0 5.637954E-2 -2.569353E-1
3.474194E0 6.140936E-2 -2.554544E-1
3.491829E0 6.714390E-2 -2.544471E-1
3.509465E0 7.181273E-2 -2.536675E-1
3.527100E0 7.464005E-2 -2.523022E-1
3.544736E0 7.763716E-2 -2.515040E-1
3.562371E0 7.969477E-2 -2.506139E-1
3.580007E0 8.178989E-2 -2.504727E-1
3.597642E0 8.136458E-2 -2.497928E-1
3.615278E0 8.128354E-2 -2.497700E-1
3.632913E0 8.040618E-2 -2.498063E-1
3.650549E0 8.019970E-2 -2.504394E-1
3.668184E0 7.899344E-2 -2.512964E-1
3.685820E0 7.652039E-2 -2.521322E-1
3.703455E0 7.366414E-2 -2.529503E-1
3.721091E0 6.913126E-2 -2.539880E-1
3.738726E0 6.627520E-2 -2.551542E-1
3.756362E0 6.069600E-2 -2.563937E-1
3.773997E0 5.596242E-2 -2.576114E-1
3.791633E0 4.959793E-2 -2.586775E-1
3.809268E0 4.371528E-2 -2.600166E-1
3.826904E0 2.937573E-2 -2.618613E-1
3.844539E0 2.190345E-2 -2.625247E-1
3.862175E0 5.925873E-3 -2.633822E-1
3.879810E0 -2.135149E-3 -2.633146E-1
3.897446E0 -1.013338E-2 -2.630625E-1
3.915081E0 -1.781285E-2 -2.629201E-1
3.932717E0 -2.507581E-2 -2.625390E-1
3.950352E0 -3.284623E-2 -2.618124E-1
3.967988E0 -3.986461E-2 -2.610937E-1
3.985623E0 -5.273961E-2 -2.588745E-1
4.003259E0 -5.870451E-2 -2.577068E-1
4.020894E0 -6.381891E-2 -2.564944E-1
4.038530E0 -7.289154E-2 -2.543242E-1
4.056165E0 -7.625094E-2 -2.532306E-1
4.073801E0 -7.928335E-2 -2.523812E-1
4.091436E0 -8.181495E-2 -2.516586E-1
4.109072E0 -8.338939E-2 -2.510679E-1
4.126707E0 -8.471570E-2 -2.507593E-1
4.144343E0 -8.528816E-2 -2.506513E-1
4.161978E0 -8.525369E-2 -2.506379E-1
4.179614E0 -8.458087E-2 -2.508689E-1
4.197249E0 -8.280120E-2 -2.512672E-1
4.214885E0 -8.096985E-2 -2.518478E-1
4.232520E0 -7.791520E-2 -2.526411E-1
4.250156E0 -6.947230E-2 -2.548685E-1
4.267791E0 -5.882888E-2 -2.573809E-1
4.285427E0 -5.303870E-2 -2.585700E-1
4.303062E0 -4.008764E-2 -2.602707E-1
4.320698E0 -3.317891E-2 -2.613600E-1
4.338333E0 -2.571764E-2 -2.620926E-1
4.355969E0 -1.858539E-2 -2.622164E-1
4.373604E0 -1.050251E-2 -2.627840E-1
4.391240E0 -2.726348E-3 -2.628215E-1
4.408875E0 5.137312E-3 -2.629577E-1
4.426511E0 1.313028E-2 -2.623764E-1
4.444146E0 2.068841E-2 -2.617253E-1
4.461782E0 2.811125E-2 -2.608731E-1
4.479417E0 3.571410E-2 -2.603622E-1
4.497053E0 4.249557E-2 -2.588980E-1
4.514688E0 4.936927E-2 -2.576381E-1
4.532324E0 5.519228E-2 -2.563306E-1
4.549959E0 6.059562E-2 -2.546482E-1
4.567595E0 7.043771E-2 -2.521935E-1
4.585230E0 7.483490E-2 -2.513369E-1
4.602866E0 7.762593E-2 -2.500531E-1
4.620501E0 8.067060E-2 -2.491071E-1
4.638137E0 8.242791E-2 -2.484595E-1
4.655772E0 8.464542E-2 -2.478027E-1
4.673408E0 8.495432E-2 -2.476253E-1
4.691043E0 8.522056E-2 -2.474349E-1
4.708679E0 8.490386E-2 -2.474852E-1
4.726314E0 8.362696E-2 -2.477861E-1
4.743950E0 8.161467E-2 -2.483312E-1
4.761585E0 7.910954E-2 -2.490523E-1
4.779221E0 7.598413E-2 -2.497728E-1
4.796856E0 7.224054E-2 -2.506786E-1
4.814492E0 6.761308E-2 -2.516603E-1
4.832127E0 6.309510E-2 -2.526439E-1
4.849763E0 5.195894E-2 -2.550960E-1
4.867398E0 4.548174E-2 -2.561997E-1
4.885034E0 3.845549E-2 -2.571241E-1
4.902669E0 3.181951E-2 -2.581226E-1
4.920305E0 2.434523E-2 -2.589227E-1
4.937940E0 1.642087E-2 -2.593000E-1
4.955576E0 9.008835E-3 -2.596373E-1
4.973211E0 1.143099E-3 -2.598234E-1
4.990847E0 -1.380344E-2 -2.595970E-1
5.008482E0 -2.133048E-2 -2.589887E-1
5.026118E0 -2.800694E-2 -2.584992E-1
5.043753E0 -3.465321E-2 -2.578157E-1
5.061389E0 -4.094331E-2 -2.567230E-1
5.079024E0 -4.708023E-2 -2.557496E-1
5.096660E0 -5.269590E-2 -2.548696E-1
5.114295E0 -5.799098E-2 -2.538694E-1
5.131931E0 -6.683081E-2 -2.518070E-1
5.149566E0 -7.033121E-2 -2.508920E-1
5.167202E0 -7.316021E-2 -2.498973E-1
5.184837E0 -7.532311E-2 -2.494949E-1
5.202473E0 -7.691468E-2 -2.492089E-1
5.220108E0 -7.762610E-2 -2.488850E-1
5.237744E0 -7.788129E-2 -2.489014E-1
5.255379E0 -7.745630E-2 -2.489968E-1
5.273015E0 -7.467680E-2 -2.498315E-1
5.290650E0 -7.238102E-2 -2.505489E-1
5.308286E0 -6.612388E-2 -2.521332E-1
5.325921E0 -6.205525E-2 -2.531832E-1
5.343557E0 -5.744028E-2 -2.541256E-1
5.361192E0 -5.218704E-2 -2.551802E-1
5.378828E0 -4.649357E-2 -2.561743E-1
5.396463E0 -4.057166E-2 -2.570622E-1
5.414099E0 -2.708457E-2 -2.586015E-1
5.431734E0 -2.034148E-2 -2.589589E-1
5.449370E0 -5.222196E-3 -2.594235E-1
5.467005E0 9.202958E-3 -2.592304E-1
5.484641E0 1.649312E-2 -2.585409E-1
5.502276E0 2.345387E-2 -2.578457E-1
5.519912E0 3.083719E-2 -2.570105E-1
5.537547E0 3.803823E-2 -2.561640E-1
5.555183E0 4.452629E-2 -2.553221E-1
5.572818E0 5.072217E-2 -2.538645E-1
5.590454E0 5.611248E-2 -2.527119E-1
5.608089E0 6.133890E-2 -2.513148E-1
5.625725E0 6.544145E-2 -2.506155E-1
5.643360E0 7.338160E-2 -2.480829E-1
5.660996E0 7.666424E-2 -2.472167E-1
5.678631E0 8.098519E-2 -2.456856E-1
5.696267E0 8.250604E-2 -2.449527E-1
5.713902E0 8.281482E-2 -2.448716E-1
5.731538E0 8.290299E-2 -2.448745E-1
5.749173E0 8.250061E-2 -2.447950E-1
5.766809E0 8.162970E-2 -2.450464E-1
5.784444E0 7.961146E-2 -2.457409E-1
5.802080E0 7.382271E-2 -2.474575E-1
5.819715E0 6.096449E-2 -2.506595E-1
5.837351E0 5.575553E-2 -2.520841E-1
5.854986E0 5.019539E-2 -2.531623E-1
5.872622E0 4.374664E-2 -2.545877E-1
5.890258E0 3.055577E-2 -2.562118E-1
5.907893E0 2.349123E-2 -2.569637E-1
5.925529E0 1.623226E-2 -2.576168E-1
5.943164E0 8.947798E-3 -2.577109E-1
5.960800E0 1.248449E-3 -2.580101E-1
5.978435E0 -6.711858E-3 -2.581466E-1
5.996071E0 -1.421406E-2 -2.578139E-1
6.013706E0 -2.094198E-2 -2.572939E-1
6.031342E0 -2.752076E-2 -2.565270E-1
6.048977E0 -4.043941E-2 -2.549703E-1
6.066613E0 -4.625740E-2 -2.541248E-1
6.084248E0 -5.078148E-2 -2.533386E-1
6.101884E0 -5.617699E-2 -2.524994E-1
6.119519E0 -6.409146E-2 -2.506328E-1
6.137155E0 -6.779166E-2 -2.499007E-1
6.154790E0 -7.054278E-2 -2.491906E-1
6.172426E0 -7.220878E-2 -2.488878E-1
6.190061E0 -7.400623E-2 -2.484181E-1
6.207697E0 -7.462651E-2 -2.481556E-1
6.225332E0 -7.480136E-2 -2.480730E-1
6.242968E0 -7.342769E-2 -2.484832E-1
6.260603E0 -7.177695E-2 -2.490104E-1
6.278239E0 -6.642915E-2 -2.504041E-1
6.295874E0 -5.895869E-2 -2.524704E-1
6.313510E0 -4.937091E-2 -2.544081E-1
6.331145E0 -4.351991E-2 -2.553423E-1
6.348781E0 -3.135585E-2 -2.569813E-1
6.366416E0 -2.466263E-2 -2.576626E-1
6.384052E0 -1.773362E-2 -2.582084E-1
6.401687E0 -1.072247E-2 -2.583587E-1
6.419323E0 3.621774E-3 -2.585431E-1
6.436958E0 1.086809E-2 -2.584538E-1
6.454594E0 1.784954E-2 -2.579664E-1
6.472229E0 3.832624E-2 -2.557978E-1
6.489865E0 4.434014E-2 -2.548523E-1
6.507500E0 5.053860E-2 -2.539356E-1
6.525136E0 6.109122E-2 -2.513597E-1
6.542771E0 6.900356E-2 -2.495170E-1
6.560407E0 7.551910E-2 -2.474998E-1
6.578042E0 7.783086E-2 -2.466024E-1
6.595678E0 8.048100E-2 -2.456668E-1
6.613313E0 8.043116E-2 -2.455664E-1
6.630949E0 8.009810E-2 -2.455439E-1
6.648584E0 7.855089E-2 -2.460905E-1
6.666220E0 7.444385E-2 -2.473060E-1
6.683855E0 6.308150E-2 -2.503304E-1
6.701491E0 4.768869E-2 -2.533959E-1
6.719126E0 4.197683E-2 -2.544709E-1
6.736762E0 2.921208E-2 -2.560616E-1
6.754397E0 2.243309E-2 -2.566077E-1
6.772033E0 1.521972E-2 -2.571367E-1
6.789668E0 1.755247E-3 -2.575074E-1
6.807304E0 -1.214234E-2 -2.572651E-1
6.824939E0 -2.520050E-2 -2.563227E-1
6.842575E0 -3.162921E-2 -2.558841E-1
6.860210E0 -4.300040E-2 -2.541672E-1
6.877846E0 -4.801753E-2 -2.531880E-1
6.895481E0 -5.657614E-2 -2.516981E-1
6.913117E0 -6.022042E-2 -2.508550E-1
6.930752E0 -6.762829E-2 -2.491093E-1
6.948388E0 -6.945129E-2 -2.487357E-1
6.966023E0 -6.942378E-2 -2.489144E-1
6.983659E0 -6.897087E-2 -2.490386E-1
7.001294E0 -6.608573E-2 -2.498857E-1
7.018930E0 -6.367153E-2 -2.503170E-1
7.036565E0 -5.728827E-2 -2.520448E-1
7.054201E0 -4.870141E-2 -2.534899E-1
7.071836E0 -4.389224E-2 -2.544431E-1
7.089472E0 -3.289304E-2 -2.561062E-1
7.107107E0 -2.043843E-2 -2.571940E-1
7.124743E0 -1.374881E-2 -2.574398E-1
7.142378E0 -2.016784E-4 -2.579882E-1
7.160014E0 1.363892E-2 -2.574584E-1
7.177649E0 2.053382E-2 -2.570004E-1
7.195285E0 3.339625E-2 -2.556453E-1
7.212920E0 3.955863E-2 -2.548459E-1
7.230556E0 4.586848E-2 -2.537415E-1
7.248191E0 5.122452E-2 -2.527236E-1
7.265827E0 5.598994E-2 -2.516638E-1
7.283462E0 6.103499E-2 -2.505884E-1
7.301098E0 6.869460E-2 -2.486777E-1
7.318733E0 7.441450E-2 -2.470000E-1
7.336369E0 7.657893E-2 -2.462421E-1
7.354004E0 7.831130E-2 -2.457144E-1
7.371640E0 7.942769E-2 -2.453932E-1
7.389275E0 7.931394E-2 -2.454566E-1
7.406911E0 7.870211E-2 -2.456804E-1
7.424546E0 7.704993E-2 -2.461931E-1
7.442182E0 7.209224E-2 -2.478408E-1
7.459817E0 6.540119E-2 -2.495461E-1
7.477453E0 5.616811E-2 -2.517979E-1
7.495088E0 3.978596E-2 -2.551602E-1
7.512724E0 3.342052E-2 -2.557486E-1
7.530359E0 2.716773E-2 -2.566865E-1
7.547995E0 2.021942E-2 -2.573582E-1
7.565630E0 1.409095E-2 -2.577377E-1
7.583266E0 -1.280547E-4 -2.582125E-1
7.600901E0 -6.971445E-3 -2.581352E-1
7.618537E0 -2.104481E-2 -2.577513E-1
7.636172E0 -2.710666E-2 -2.570388E-1
7.653808E0 -3.894189E-2 -2.559154E-1
7.671443E0 -4.928064E-2 -2.543045E-1
7.689079E0 -5.370022E-2 -2.533929E-1
7.706714E0 -6.115501E-2 -2.518264E-1
7.724350E0 -6.387749E-2 -2.510788E-1
7.741985E0 -6.778111E-2 -2.499415E-1
7.759621E0 -6.905113E-2 -2.498115E-1
7.777256E0 -6.958459E-2 -2.497522E-1
7.794892E0 -6.954188E-2 -2.498194E-1
7.812527E0 -6.763429E-2 -2.500843E-1
7.830163E0 -6.363722E-2 -2.514192E-1
7.847798E0 -6.094955E-2 -2.521660E-1
7.865434E0 -5.338788E-2 -2.535667E-1
7.883069E0 -4.883118E-2 -2.544653E-1
7.900705E0 -4.397646E-2 -2.552853E-1
7.918340E0 -3.857285E-2 -2.560756E-1
7.935976E0 -2.643309E-2 -2.571249E-1
7.953611E0 -2.036511E-2 -2.577437E-1
7.971247E0 -7.559121E-3 -2.586384E-1
7.988882E0 4.748158E-5 -2.581840E-1
8.006518E0 1.989613E-2 -2.574928E-1
8.024153E0 2.651786E-2 -2.568389E-1
8.041789E0 3.276245E-2 -2.559766E-1
8.059424E0 4.922918E-2 -2.532861E-1
8.077060E0 5.485614E-2 -2.522462E-1
8.094695E0 5.887797E-2 -2.512456E-1
8.112331E0 6.274745E-2 -2.502578E-1
8.129966E0 6.620502E-2 -2.494414E-1
8.147602E0 6.918971E-2 -2.486088E-1
8.165237E0 7.171881E-2 -2.478927E-1
8.182873E0 7.383514E-2 -2.473815E-1
8.200508E0 7.473203E-2 -2.471894E-1
8.218144E0 7.602902E-2 -2.465132E-1
8.235779E0 7.581792E-2 -2.464191E-1
8.253415E0 7.456560E-2 -2.470629E-1
8.271050E0 7.331399E-2 -2.471967E-1
8.288686E0 7.107650E-2 -2.479795E-1
8.306321E0 6.834694E-2 -2.486484E-1
8.323957E0 6.519507E-2 -2.495845E-1
8.341592E0 6.160393E-2 -2.503431E-1
8.359228E0 5.770889E-2 -2.512892E-1
8.376863E0 5.246528E-2 -2.524452E-1
8.394499E0 4.756342E-2 -2.534376E-1
8.412134E0 3.679535E-2 -2.551545E-1
8.429770E0 3.088344E-2 -2.559224E-1
8.447405E0 2.435504E-2 -2.567154E-1
8.465041E0 1.744590E-2 -2.572719E-1
8.482676E0 1.040699E-2 -2.580630E-1
8.500312E0 3.957968E-3 -2.582175E-1
8.517947E0 -2.630240E-3 -2.582326E-1
8.535583E0 -9.540253E-3 -2.580858E-1
8.553218E0 -1.657930E-2 -2.578153E-1
8.570854E0 -2.208102E-2 -2.572976E-1
8.588489E0 -2.918962E-2 -2.569062E-1
8.606125E0 -3.451110E-2 -2.563655E-1
8.623760E0 -3.954382E-2 -2.554736E-1
8.641396E0 -4.464956E-2 -2.545311E-1
8.659031E0 -5.348366E-2 -2.527774E-1
8.676667E0 -5.716029E-2 -2.519382E-1
8.694302E0 -6.031867E-2 -2.510949E-1
8.711938E0 -6.328669E-2 -2.505917E-1
8.729573E0 -6.521547E-2 -2.500972E-1
8.747209E0 -6.715217E-2 -2.495644E-1
8.764844E0 -6.826154E-2 -2.496033E-1
8.782480E0 -6.876896E-2 -2.495979E-1
8.800115E0 -6.858726E-2 -2.497453E-1
8.817751E0 -6.802203E-2 -2.498460E-1
8.835386E0 -6.644084E-2 -2.501043E-1
8.853022E0 -6.504360E-2 -2.507017E-1
8.870657E0 -6.284587E-2 -2.514024E-1
8.888293E0 -5.985020E-2 -2.522411E-1
8.905928E0 -5.682067E-2 -2.530488E-1
8.923564E0 -5.230958E-2 -2.536573E-1
8.941199E0 -4.766392E-2 -2.545335E-1
8.958835E0 -4.300390E-2 -2.553023E-1
8.976470E0 -3.771826E-2 -2.561272E-1
8.994106E0 -3.249460E-2 -2.568037E-1
9.011741E0 -2.608812E-2 -2.572502E-1
9.029377E0 -2.032371E-2 -2.578682E-1
9.047012E0 -1.363877E-2 -2.581335E-1
9.064648E0 -7.138636E-3 -2.582618E-1
9.082283E0 -4.989171E-4 -2.582223E-1
9.099919E0 5.702158E-3 -2.582696E-1
9.117554E0 1.176412E-2 -2.579062E-1
9.135190E0 1.839285E-2 -2.574088E-1
9.152825E0 2.501321E-2 -2.567754E-1
9.170461E0 3.015612E-2 -2.565794E-1
9.188096E0 3.596222E-2 -2.557564E-1
9.205732E0 4.138186E-2 -2.551444E-1
9.223367E0 4.626202E-2 -2.542884E-1
9.241003E0 5.063518E-2 -2.535911E-1
9.258638E0 5.567847E-2 -2.523357E-1
9.276274E0 5.924419E-2 -2.512121E-1
9.293909E0 6.246314E-2 -2.503508E-1
9.311545E0 6.555476E-2 -2.498743E-1
9.329180E0 6.702257E-2 -2.494850E-1
9.346816E0 6.896044E-2 -2.490333E-1
9.364451E0 6.961856E-2 -2.487816E-1
9.382087E0 7.005683E-2 -2.485140E-1
9.399722E0 7.012830E-2 -2.485877E-1
9.417358E0 6.986558E-2 -2.489763E-1
9.434993E0 6.895394E-2 -2.490583E-1
9.452629E0 6.690002E-2 -2.495048E-1
9.470264E0 6.444361E-2 -2.502442E-1
9.487900E0 6.223841E-2 -2.506552E-1
9.505535E0 5.890025E-2 -2.514577E-1
9.523171E0 5.523816E-2 -2.520173E-1
9.540806E0 5.118587E-2 -2.529030E-1
9.558442E0 4.663977E-2 -2.535153E-1
9.576077E0 4.175198E-2 -2.543706E-1
9.593713E0 3.648491E-2 -2.553741E-1
9.611348E0 3.068809E-2 -2.561325E-1
9.628984E0 2.451050E-2 -2.566535E-1
9.646619E0 1.798216E-2 -2.573725E-1
9.664255E0 1.226661E-2 -2.575826E-1
9.681890E0 6.267256E-3 -2.575445E-1
9.699526E0 -1.202299E-3 -2.579532E-1
9.717161E0 -7.699477E-3 -2.579600E-1
9.734797E0 -1.299528E-2 -2.573463E-1
9.752432E0 -1.959705E-2 -2.570624E-1
9.770068E0 -2.505909E-2 -2.564762E-1
9.787703E0 -3.162645E-2 -2.560890E-1
9.805339E0 -3.689508E-2 -2.552958E-1
9.822974E0 -4.199050E-2 -2.544498E-1
9.840610E0 -4.678841E-2 -2.535606E-1
9.858245E0 -5.118459E-2 -2.526574E-1
9.875881E0 -5.497137E-2 -2.519586E-1
9.893516E0 -5.812576E-2 -2.511630E-1
9.911152E0 -6.094162E-2 -2.503234E-1
9.928787E0 -6.365486E-2 -2.496683E-1
9.946423E0 -6.527504E-2 -2.493389E-1
9.964058E0 -6.689347E-2 -2.490965E-1
9.981694E0 -6.743986E-2 -2.487097E-1
9.999329E0 -6.768920E-2 -2.488153E-1
1.001696E1 -6.750392E-2 -2.489590E-1
1.003460E1 -6.685407E-2 -2.492744E-1
1.005224E1 -6.528651E-2 -2.495382E-1
1.006987E1 -6.333860E-2 -2.501108E-1
1.008751E1 -6.084385E-2 -2.508117E-1
1.010514E1 -5.803200E-2 -2.515171E-1
1.012278E1 -5.424780E-2 -2.524074E-1
1.014041E1 -5.069788E-2 -2.531219E-1
1.015805E1 -4.621390E-2 -2.540966E-1
1.017568E1 -4.153519E-2 -2.550230E-1
1.019332E1 -3.629635E-2 -2.558200E-1
1.021096E1 -3.119755E-2 -2.565256E-1
1.022859E1 -2.518929E-2 -2.571963E-1
1.024623E1 -1.944180E-2 -2.577522E-1
1.026386E1 -1.317411E-2 -2.580704E-1
1.028150E1 -6.803136E-3 -2.583329E-1
1.029913E1 -4.621678E-4 -2.583058E-1
1.031677E1 5.644944E-3 -2.583096E-1
1.033440E1 1.150417E-2 -2.580831E-1
1.035204E1 1.796264E-2 -2.576193E-1
1.036967E1 2.328427E-2 -2.571536E-1
1.038731E1 2.934944E-2 -2.566873E-1
1.040495E1 3.471409E-2 -2.561099E-1
1.042258E1 3.982761E-2 -2.553492E-1
1.044022E1 4.449369E-2 -2.544045E-1
1.045785E1 4.882094E-2 -2.536647E-1
1.047549E1 5.634250E-2 -2.521654E-1
1.049312E1 5.947762E-2 -2.513373E-1
1.051076E1 6.211409E-2 -2.506977E-1
1.052839E1 6.377517E-2 -2.502545E-1
1.054603E1 6.543715E-2 -2.498857E-1
1.056367E1 6.622216E-2 -2.496459E-1
1.058130E1 6.644428E-2 -2.496826E-1
1.059894E1 6.636207E-2 -2.496602E-1
1.061657E1 6.594095E-2 -2.496115E-1
1.063421E1 6.506297E-2 -2.497604E-1
1.065184E1 6.307075E-2 -2.504367E-1
1.066948E1 6.116032E-2 -2.506769E-1
1.068711E1 5.828573E-2 -2.512649E-1
1.070475E1 5.509367E-2 -2.519139E-1
1.072238E1 5.148308E-2 -2.528225E-1
1.074002E1 4.720725E-2 -2.536241E-1
1.075766E1 4.257373E-2 -2.542543E-1
1.077529E1 3.791380E-2 -2.550971E-1
1.079293E1 3.273108E-2 -2.558666E-1
1.081056E1 2.725107E-2 -2.565249E-1
1.082820E1 2.216038E-2 -2.569248E-1
1.084583E1 1.578481E-2 -2.572563E-1
1.086347E1 1.047228E-2 -2.575889E-1
1.088110E1 3.721982E-3 -2.578232E-1
1.089874E1 -2.174901E-3 -2.580080E-1
1.091638E1 -8.215848E-3 -2.579019E-1
1.093401E1 -1.426444E-2 -2.577422E-1
1.095165E1 -1.993584E-2 -2.572878E-1
1.096928E1 -2.585936E-2 -2.568065E-1
1.098692E1 -3.100588E-2 -2.562399E-1
1.100455E1 -3.602289E-2 -2.554922E-1
1.102219E1 -4.106935E-2 -2.548253E-1
1.103982E1 -4.589117E-2 -2.542078E-1
1.105746E1 -4.964810E-2 -2.535128E-1
1.107509E1 -5.302076E-2 -2.526830E-1
1.109273E1 -5.603999E-2 -2.519882E-1
1.111037E1 -5.909751E-2 -2.514987E-1
1.112800E1 -6.115009E-2 -2.509801E-1
1.114564E1 -6.300136E-2 -2.506155E-1
1.116327E1 -6.368987E-2 -2.502898E-1
1.118091E1 -6.427680E-2 -2.501178E-1
1.119854E1 -6.433006E-2 -2.500881E-1
1.121618E1 -6.408619E-2 -2.501243E-1
1.123381E1 -6.320336E-2 -2.503353E-1
1.125145E1 -6.191962E-2 -2.506943E-1
1.126909E1 -5.961843E-2 -2.511005E-1
1.128672E1 -5.705578E-2 -2.516286E-1
1.130436E1 -5.424862E-2 -2.523563E-1
1.132199E1 -5.096131E-2 -2.531037E-1
1.133963E1 -4.749951E-2 -2.540407E-1
1.135726E1 -4.249657E-2 -2.546614E-1
1.137490E1 -3.755225E-2 -2.554199E-1
1.139253E1 -3.309993E-2 -2.560045E-1
1.141017E1 -2.710992E-2 -2.564213E-1
1.142780E1 -2.194276E-2 -2.570590E-1
1.144544E1 -1.600734E-2 -2.573608E-1
1.146308E1 -9.528911E-3 -2.574631E-1
1.148071E1 -3.398500E-3 -2.575538E-1
1.149835E1 2.272609E-3 -2.574949E-1
1.151598E1 8.022410E-3 -2.574296E-1
1.153362E1 1.954616E-2 -2.567095E-1
1.155125E1 3.141724E-2 -2.553618E-1
1.156889E1 3.689251E-2 -2.545362E-1
1.158652E1 4.185866E-2 -2.536258E-1
1.160416E1 4.622933E-2 -2.528709E-1
1.162180E1 5.043015E-2 -2.520533E-1
1.163943E1 5.403687E-2 -2.513470E-1
1.165707E1 6.020692E-2 -2.497418E-1
1.167470E1 6.179362E-2 -2.494921E-1
1.169234E1 6.433254E-2 -2.488015E-1
1.170997E1 6.696871E-2 -2.480818E-1
1.172761E1 6.694728E-2 -2.480529E-1
1.174524E1 6.667387E-2 -2.480431E-1
1.176288E1 6.348963E-2 -2.489118E-1
1.178052E1 6.067342E-2 -2.496632E-1
1.179815E1 5.865891E-2 -2.497391E-1
1.181579E1 5.539122E-2 -2.505372E-1
1.183342E1 5.042891E-2 -2.518677E-1
1.185106E1 4.626875E-2 -2.526937E-1
1.186869E1 4.193808E-2 -2.534768E-1
1.188633E1 3.161155E-2 -2.549870E-1
1.190396E1 2.140667E-2 -2.559574E-1
1.192160E1 1.536239E-2 -2.565520E-1
1.193923E1 1.014214E-2 -2.567215E-1
1.195687E1 3.064531E-3 -2.572079E-1
1.197451E1 -8.440332E-3 -2.571505E-1
1.199214E1 -1.431690E-2 -2.570481E-1
1.200978E1 -2.015809E-2 -2.568061E-1
1.202741E1 -2.552248E-2 -2.562680E-1
1.204505E1 -3.117051E-2 -2.557814E-1
1.206268E1 -3.576254E-2 -2.553024E-1
1.208032E1 -4.006624E-2 -2.545584E-1
1.209795E1 -4.489721E-2 -2.541071E-1
1.211559E1 -4.869207E-2 -2.534002E-1
1.213323E1 -5.169242E-2 -2.528019E-1
1.215086E1 -5.443046E-2 -2.520861E-1
1.216850E1 -5.721302E-2 -2.515027E-1
1.218613E1 -5.896603E-2 -2.512078E-1
1.220377E1 -6.064461E-2 -2.507975E-1
1.222140E1 -6.155518E-2 -2.506570E-1
1.223904E1 -6.204977E-2 -2.506432E-1
1.225667E1 -6.197086E-2 -2.506966E-1
1.227431E1 -6.150438E-2 -2.508177E-1
1.229194E1 -6.022548E-2 -2.510813E-1
1.230958E1 -5.899096E-2 -2.514878E-1
1.232722E1 -5.671487E-2 -2.518891E-1
1.234485E1 -5.422237E-2 -2.525361E-1
1.236249E1 -5.074088E-2 -2.530022E-1
1.238012E1 -4.737359E-2 -2.536301E-1
1.239776E1 -4.370355E-2 -2.542725E-1
1.241539E1 -3.957566E-2 -2.550319E-1
1.243303E1 -3.412463E-2 -2.556410E-1
1.245066E1 -2.447354E-2 -2.567506E-1
1.246830E1 -1.899065E-2 -2.571420E-1
1.248594E1 -1.295734E-2 -2.573690E-1
1.250357E1 -7.812534E-3 -2.577992E-1
1.252121E1 -1.875631E-3 -2.579476E-1
1.253884E1 3.458889E-3 -2.579396E-1
1.255648E1 9.910264E-3 -2.577091E-1
1.257411E1 1.520843E-2 -2.573891E-1
1.259175E1 2.118515E-2 -2.568884E-1
1.260938E1 2.638907E-2 -2.564811E-1
1.262702E1 3.144958E-2 -2.561620E-1
1.264465E1 3.639760E-2 -2.553770E-1
1.266229E1 4.115507E-2 -2.545344E-1
1.267993E1 4.528964E-2 -2.537227E-1
1.269756E1 4.938670E-2 -2.529687E-1
1.271520E1 5.315063E-2 -2.523025E-1
1.273283E1 5.625609E-2 -2.515048E-1
1.275047E1 5.814532E-2 -2.511065E-1
1.276810E1 6.198530E-2 -2.501908E-1
1.278574E1 6.291322E-2 -2.500378E-1
1.280337E1 6.338360E-2 -2.500295E-1
1.282101E1 6.364543E-2 -2.501749E-1
1.283865E1 6.342412E-2 -2.501957E-1
1.285628E1 6.298537E-2 -2.504351E-1
1.287392E1 6.149748E-2 -2.506985E-1
1.289155E1 5.941277E-2 -2.509818E-1
1.290919E1 5.696451E-2 -2.517161E-1
1.292682E1 5.472364E-2 -2.523181E-1
1.294446E1 5.134835E-2 -2.528851E-1
1.296209E1 4.758528E-2 -2.535823E-1
1.297973E1 4.347312E-2 -2.542624E-1
1.299736E1 3.914496E-2 -2.549613E-1
1.301500E1 3.443701E-2 -2.556790E-1
1.303264E1 3.005570E-2 -2.561766E-1
1.305027E1 2.456810E-2 -2.567215E-1
1.306791E1 1.906846E-2 -2.573041E-1
1.308554E1 1.365785E-2 -2.575497E-1
1.310318E1 8.548361E-3 -2.575697E-1
1.312081E1 2.277545E-3 -2.580301E-1
1.313845E1 -3.611000E-3 -2.579858E-1
1.315608E1 -9.286229E-3 -2.579855E-1
1.317372E1 -1.471186E-2 -2.578294E-1
1.319136E1 -1.988512E-2 -2.573684E-1
1.320899E1 -2.527358E-2 -2.569828E-1
1.322663E1 -2.996602E-2 -2.564478E-1
1.324426E1 -3.495726E-2 -2.558492E-1
1.326190E1 -3.916322E-2 -2.553325E-1
1.327953E1 -4.304466E-2 -2.546674E-1
1.329717E1 -4.659958E-2 -2.540805E-1
1.331480E1 -4.988404E-2 -2.535989E-1
1.333244E1 -5.256062E-2 -2.530435E-1
1.335007E1 -5.491555E-2 -2.526512E-1
1.336771E1 -5.663415E-2 -2.522847E-1
1.338535E1 -5.832690E-2 -2.519592E-1
1.340298E1 -5.858025E-2 -2.518055E-1
1.342062E1 -5.839775E-2 -2.518236E-1
1.343825E1 -5.657421E-2 -2.522621E-1
1.345589E1 -5.255886E-2 -2.531665E-1
1.347352E1 -4.966192E-2 -2.535883E-1
1.349116E1 -4.658839E-2 -2.542348E-1
1.350879E1 -4.331197E-2 -2.548517E-1
1.352643E1 -3.920955E-2 -2.554869E-1
1.354407E1 -3.503759E-2 -2.560671E-1
1.356170E1 -3.044539E-2 -2.567149E-1
1.357934E1 -2.538767E-2 -2.571387E-1
1.359697E1 -2.027901E-2 -2.576971E-1
1.361461E1 -1.494890E-2 -2.579489E-1
1.363224E1 -9.156492E-3 -2.581828E-1
1.364988E1 -3.477792E-3 -2.583461E-1
1.366751E1 1.994056E-3 -2.582347E-1
1.368515E1 7.763356E-3 -2.581382E-1
1.370278E1 1.315357E-2 -2.579379E-1
1.372042E1 1.884070E-2 -2.575594E-1
1.373806E1 2.434891E-2 -2.569871E-1
1.375569E1 2.920491E-2 -2.564184E-1
1.377333E1 3.426750E-2 -2.559481E-1
1.379096E1 3.886532E-2 -2.553071E-1
1.380860E1 4.325951E-2 -2.543900E-1
1.382623E1 4.742507E-2 -2.537425E-1
1.384387E1 5.114405E-2 -2.529636E-1
1.386150E1 5.457322E-2 -2.523267E-1
1.387914E1 5.670177E-2 -2.516979E-1
1.389678E1 5.922561E-2 -2.511855E-1
1.391441E1 6.148178E-2 -2.507360E-1
1.393205E1 6.248300E-2 -2.503429E-1
1.394968E1 6.332397E-2 -2.500928E-1
1.396732E1 6.369237E-2 -2.501658E-1
1.398495E1 6.360215E-2 -2.502070E-1
1.400259E1 6.348576E-2 -2.502386E-1
1.402022E1 6.265374E-2 -2.504194E-1
1.403786E1 6.130008E-2 -2.507700E-1
1.405549E1 5.917656E-2 -2.511052E-1
1.407313E1 5.658227E-2 -2.516736E-1
1.409077E1 5.362956E-2 -2.525315E-1
1.410840E1 5.081115E-2 -2.529951E-1
1.412604E1 4.716169E-2 -2.537647E-1
1.414367E1 4.303515E-2 -2.544717E-1
1.416131E1 3.855866E-2 -2.551484E-1
1.417894E1 3.398821E-2 -2.558997E-1
1.419658E1 2.922231E-2 -2.562360E-1
1.421421E1 2.405762E-2 -2.567879E-1
1.423185E1 1.881981E-2 -2.570079E-1
1.424949E1 1.318014E-2 -2.574400E-1
1.426712E1 7.869993E-3 -2.575634E-1
1.428476E1 2.551379E-3 -2.576343E-1
1.430239E1 -3.122857E-3 -2.577030E-1
1.432003E1 -8.415906E-3 -2.576972E-1
1.433766E1 -1.396808E-2 -2.576058E-1
1.435530E1 -1.880395E-2 -2.573688E-1
1.437293E1 -2.379965E-2 -2.569169E-1
1.439057E1 -2.831184E-2 -2.565417E-1
1.440820E1 -3.293936E-2 -2.559583E-1
1.442584E1 -3.676339E-2 -2.554645E-1
1.444348E1 -4.673611E-2 -2.537777E-1
1.446111E1 -4.923799E-2 -2.534572E-1
1.447875E1 -5.113949E-2 -2.531255E-1
1.449638E1 -5.276711E-2 -2.528747E-1
1.451402E1 -5.359469E-2 -2.526011E-1
1.453165E1 -5.408916E-2 -2.525577E-1
1.454929E1 -5.429718E-2 -2.525543E-1
1.456692E1 -5.394092E-2 -2.525870E-1
1.458456E1 -5.305154E-2 -2.527378E-1
1.460220E1 -5.154666E-2 -2.528741E-1
1.461983E1 -4.976054E-2 -2.533986E-1
1.463747E1 -4.736819E-2 -2.536978E-1
1.465510E1 -4.463077E-2 -2.542240E-1
1.467274E1 -4.151755E-2 -2.546872E-1
1.469037E1 -3.784042E-2 -2.551657E-1
1.470801E1 -3.419577E-2 -2.557564E-1
1.472564E1 -2.537198E-2 -2.567654E-1
1.474328E1 -2.047870E-2 -2.572819E-1
1.476091E1 -1.539391E-2 -2.574973E-1
1.477855E1 -1.051144E-2 -2.576001E-1
1.479619E1 -5.037166E-3 -2.579666E-1
1.481382E1 1.512208E-4 -2.579605E-1
1.483146E1 5.444522E-3 -2.578921E-1
1.484909E1 1.070447E-2 -2.579089E-1
1.486673E1 1.638192E-2 -2.575260E-1
1.488436E1 2.124800E-2 -2.572542E-1
1.490200E1 2.639892E-2 -2.568613E-1
1.491963E1 3.117255E-2 -2.562887E-1
1.493727E1 3.556171E-2 -2.557267E-1
1.495491E1 3.985803E-2 -2.551243E-1
1.497254E1 4.380190E-2 -2.544300E-1
1.499018E1 4.753927E-2 -2.535457E-1
1.500781E1 5.114895E-2 -2.529162E-1
1.502545E1 5.424967E-2 -2.522023E-1
1.504308E1 5.626643E-2 -2.518547E-1
1.506072E1 5.860675E-2 -2.512955E-1
1.507835E1 5.987261E-2 -2.510763E-1
1.509599E1 6.134682E-2 -2.506822E-1
1.511362E1 6.179135E-2 -2.504560E-1
1.513126E1 6.207965E-2 -2.504499E-1
1.514890E1 6.202898E-2 -2.504353E-1
1.516653E1 6.150027E-2 -2.506143E-1
1.518417E1 6.044524E-2 -2.506948E-1
1.520180E1 5.851057E-2 -2.511267E-1
1.521944E1 5.611149E-2 -2.517124E-1
1.523707E1 5.088927E-2 -2.527386E-1
1.525471E1 4.749589E-2 -2.534114E-1
1.527234E1 3.952311E-2 -2.550053E-1
1.528998E1 3.491598E-2 -2.555738E-1
1.530762E1 3.093659E-2 -2.560978E-1
1.532525E1 2.583313E-2 -2.565764E-1
1.534289E1 2.139281E-2 -2.570078E-1
1.536052E1 1.588253E-2 -2.573511E-1
1.537816E1 1.094080E-2 -2.575725E-1
1.539579E1 5.172765E-3 -2.577815E-1
1.541343E1 -5.273769E-3 -2.579614E-1
1.543106E1 -1.530673E-2 -2.575304E-1
1.544870E1 -2.014538E-2 -2.573139E-1
1.546633E1 -2.480232E-2 -2.568519E-1
1.548397E1 -2.918229E-2 -2.565365E-1
1.550161E1 -3.320823E-2 -2.559708E-1
1.551924E1 -3.680476E-2 -2.555465E-1
1.553688E1 -4.028535E-2 -2.549414E-1
1.555451E1 -4.335860E-2 -2.545708E-1
1.557215E1 -4.590363E-2 -2.541257E-1
1.558978E1 -4.812794E-2 -2.536603E-1
1.560742E1 -4.971570E-2 -2.534724E-1
1.562505E1 -5.086463E-2 -2.532364E-1
1.564269E1 -5.185493E-2 -2.530480E-1
1.566033E1 -5.226081E-2 -2.531657E-1
1.567796E1 -5.203651E-2 -2.532218E-1
1.569560E1 -5.159111E-2 -2.532930E-1
1.571323E1 -5.058230E-2 -2.535073E-1
1.573087E1 -4.917577E-2 -2.537114E-1
1.574850E1 -4.709219E-2 -2.541160E-1
1.576614E1 -4.473779E-2 -2.545734E-1
1.578377E1 -4.205016E-2 -2.549214E-1
1.580141E1 -3.881789E-2 -2.554478E-1
1.581904E1 -3.531562E-2 -2.560282E-1
1.583668E1 -3.133718E-2 -2.565027E-1
1.585432E1 -2.715081E-2 -2.568563E-1
1.587195E1 -2.277618E-2 -2.572282E-1
1.588959E1 -1.806854E-2 -2.576067E-1
1.590722E1 -1.309330E-2 -2.579746E-1
1.592486E1 -8.105532E-3 -2.581366E-1
1.594249E1 -2.914498E-3 -2.582128E-1
1.596013E1 2.238362E-3 -2.581527E-1
1.597776E1 7.343613E-3 -2.580371E-1
1.599540E1 1.764911E-2 -2.574976E-1
1.601304E1 2.273987E-2 -2.570653E-1
1.603067E1 2.732268E-2 -2.565258E-1
1.604831E1 3.204664E-2 -2.559578E-1
1.606594E1 3.598683E-2 -2.556420E-1
1.608358E1 4.024617E-2 -2.551089E-1
1.610121E1 4.407675E-2 -2.542946E-1
1.611885E1 4.767804E-2 -2.535898E-1
1.613648E1 5.080072E-2 -2.528674E-1
1.615412E1 5.316824E-2 -2.526834E-1
1.617175E1 5.564305E-2 -2.523133E-1
1.618939E1 5.695994E-2 -2.518560E-1
1.620703E1 5.865305E-2 -2.513894E-1
1.622466E1 5.950641E-2 -2.510620E-1
1.624230E1 5.969816E-2 -2.511466E-1
1.625993E1 5.980699E-2 -2.511936E-1
1.627757E1 5.952333E-2 -2.511417E-1
1.629520E1 5.895775E-2 -2.514222E-1
1.631284E1 5.702565E-2 -2.517432E-1
1.633047E1 5.556527E-2 -2.521116E-1
1.634811E1 5.303584E-2 -2.527205E-1
1.636575E1 5.086853E-2 -2.530265E-1
1.638338E1 4.768206E-2 -2.536183E-1
1.640102E1 4.419918E-2 -2.542283E-1
1.641865E1 4.028225E-2 -2.549260E-1
1.643629E1 3.698175E-2 -2.554048E-1
1.645392E1 2.745917E-2 -2.564666E-1
1.647156E1 2.350486E-2 -2.569412E-1
1.648919E1 1.822758E-2 -2.574492E-1
1.650683E1 1.352018E-2 -2.575590E-1
1.652446E1 8.632857E-3 -2.576239E-1
1.654210E1 -1.686485E-3 -2.579443E-1
1.655974E1 -6.877497E-3 -2.579575E-1
1.657737E1 -1.189126E-2 -2.579004E-1
1.659501E1 -2.124210E-2 -2.571497E-1
1.661264E1 -2.567454E-2 -2.568839E-1
1.663028E1 -2.983138E-2 -2.564769E-1
1.664791E1 -3.362197E-2 -2.560570E-1
1.666555E1 -3.706863E-2 -2.555253E-1
1.668318E1 -4.027577E-2 -2.549290E-1
1.670082E1 -4.303826E-2 -2.545449E-1
1.671846E1 -4.555253E-2 -2.542185E-1
1.673609E1 -4.750588E-2 -2.539110E-1
1.675373E1 -4.922356E-2 -2.536868E-1
1.677136E1 -5.030168E-2 -2.534553E-1
1.678900E1 -5.108774E-2 -2.532923E-1
1.680663E1 -5.133253E-2 -2.533481E-1
1.682427E1 -5.111436E-2 -2.533711E-1
1.684190E1 -5.042006E-2 -2.534259E-1
1.685954E1 -4.911941E-2 -2.536444E-1
1.687717E1 -4.776857E-2 -2.538197E-1
1.689481E1 -4.583822E-2 -2.542483E-1
1.691245E1 -4.337135E-2 -2.544696E-1
1.693008E1 -3.718132E-2 -2.554626E-1
1.694772E1 -2.561758E-2 -2.564908E-1
1.696535E1 -2.144930E-2 -2.568500E-1
1.698299E1 -1.664192E-2 -2.573468E-1
1.700062E1 -7.221570E-3 -2.577335E-1
1.701826E1 -2.268011E-3 -2.578421E-1
1.703589E1 8.286685E-3 -2.577363E-1
1.705353E1 1.276492E-2 -2.573471E-1
1.707117E1 2.241731E-2 -2.568434E-1
1.708880E1 3.121969E-2 -2.559508E-1
1.710644E1 3.537380E-2 -2.553383E-1
1.712407E1 3.956081E-2 -2.547141E-1
1.714171E1 4.252933E-2 -2.540390E-1
1.715934E1 4.912850E-2 -2.530308E-1
1.717698E1 5.124155E-2 -2.525826E-1
1.719461E1 5.498917E-2 -2.519144E-1
1.721225E1 5.601555E-2 -2.517987E-1
1.722988E1 5.689577E-2 -2.516862E-1
1.724752E1 5.566043E-2 -2.521317E-1
1.726516E1 5.230038E-2 -2.528680E-1
1.728279E1 5.025154E-2 -2.530487E-1
1.730043E1 4.731300E-2 -2.536265E-1
1.731806E1 4.418715E-2 -2.539602E-1
1.733570E1 3.737783E-2 -2.554793E-1
1.735333E1 3.322832E-2 -2.560246E-1
1.737097E1 2.883982E-2 -2.564007E-1
1.738860E1 2.445952E-2 -2.568881E-1
1.740624E1 1.979127E-2 -2.573410E-1
1.742388E1 1.509757E-2 -2.576320E-1
1.744151E1 1.019698E-2 -2.579431E-1
1.745915E1 5.112046E-3 -2.581746E-1
1.747678E1 3.858931E-4 -2.582062E-1
1.749442E1 -4.496374E-3 -2.581466E-1
1.751205E1 -9.607505E-3 -2.580324E-1
1.752969E1 -1.440661E-2 -2.578861E-1
1.754732E1 -1.925947E-2 -2.576547E-1
1.756496E1 -2.358954E-2 -2.573002E-1
1.758259E1 -2.801029E-2 -2.568192E-1
1.760023E1 -3.161473E-2 -2.564360E-1
1.761787E1 -3.574257E-2 -2.559840E-1
1.763550E1 -3.909518E-2 -2.555689E-1
1.765314E1 -4.218559E-2 -2.550067E-1
1.767077E1 -4.458391E-2 -2.546133E-1
1.768841E1 -4.668362E-2 -2.541820E-1
1.770604E1 -4.820764E-2 -2.537994E-1
1.772368E1 -4.975189E-2 -2.534935E-1
1.774131E1 -5.062684E-2 -2.533132E-1
1.775895E1 -5.100602E-2 -2.533395E-1
1.777659E1 -5.097931E-2 -2.533429E-1
1.779422E1 -5.081144E-2 -2.534080E-1
1.781186E1 -5.011824E-2 -2.534672E-1
1.782949E1 -4.882074E-2 -2.536412E-1
1.784713E1 -4.729705E-2 -2.539302E-1
1.786476E1 -4.491208E-2 -2.544555E-1
1.788240E1 -4.224858E-2 -2.545747E-1
1.790003E1 -3.944561E-2 -2.551433E-1
1.791767E1 -3.606376E-2 -2.554190E-1
1.793531E1 -3.272131E-2 -2.559938E-1
1.795294E1 -2.877797E-2 -2.563276E-1
1.797058E1 -2.509038E-2 -2.567551E-1
1.798821E1 -2.039846E-2 -2.571701E-1
1.800585E1 -1.588221E-2 -2.574100E-1
1.802348E1 -1.105459E-2 -2.574942E-1
1.804112E1 -6.054900E-3 -2.574974E-1
1.805875E1 -1.025995E-3 -2.575096E-1
1.807639E1 3.430630E-3 -2.573202E-1
1.809402E1 8.165126E-3 -2.573720E-1
1.811166E1 1.366034E-2 -2.567980E-1
1.812930E1 1.770802E-2 -2.565775E-1
1.814693E1 2.292790E-2 -2.560418E-1
1.816457E1 2.649464E-2 -2.559997E-1
1.818220E1 3.124890E-2 -2.553647E-1
1.819984E1 3.444112E-2 -2.550683E-1
1.821747E1 4.219225E-2 -2.537566E-1
1.823511E1 4.934735E-2 -2.526056E-1
1.825274E1 5.152989E-2 -2.522735E-1
1.827038E1 5.244870E-2 -2.518601E-1
1.828802E1 5.359452E-2 -2.517162E-1
1.830565E1 5.412235E-2 -2.517122E-1
1.832329E1 5.442401E-2 -2.518058E-1
1.834092E1 5.439449E-2 -2.518644E-1
1.835856E1 5.311163E-2 -2.522350E-1
1.837619E1 5.110677E-2 -2.526525E-1
1.839383E1 4.962326E-2 -2.529625E-1
1.841146E1 4.676744E-2 -2.534400E-1
1.842910E1 4.465614E-2 -2.538061E-1
1.844673E1 4.128308E-2 -2.544477E-1
1.846437E1 3.768768E-2 -2.550083E-1
1.848201E1 3.372964E-2 -2.557285E-1
1.849964E1 2.572004E-2 -2.566833E-1
1.851728E1 2.198739E-2 -2.568407E-1
1.853491E1 1.683437E-2 -2.573030E-1
1.855255E1 1.259408E-2 -2.574638E-1
1.857018E1 7.201609E-3 -2.579832E-1
1.858782E1 2.575634E-3 -2.580392E-1
1.860545E1 -2.039803E-3 -2.580896E-1
1.862309E1 -6.852019E-3 -2.580233E-1
1.864073E1 -1.181091E-2 -2.579756E-1
1.865836E1 -1.678631E-2 -2.578062E-1
1.867600E1 -2.161918E-2 -2.576070E-1
1.869363E1 -2.527572E-2 -2.571725E-1
1.871127E1 -2.965894E-2 -2.567054E-1
1.872890E1 -3.289450E-2 -2.562919E-1
1.874654E1 -3.666576E-2 -2.558805E-1
1.876417E1 -3.928598E-2 -2.555176E-1
1.878181E1 -4.238702E-2 -2.550462E-1
1.879944E1 -4.444665E-2 -2.545241E-1
1.881708E1 -4.641165E-2 -2.543102E-1
1.883472E1 -4.796147E-2 -2.540692E-1
1.885235E1 -4.880199E-2 -2.538043E-1
1.886999E1 -4.954961E-2 -2.535548E-1
1.888762E1 -4.972767E-2 -2.534898E-1
1.890526E1 -4.963382E-2 -2.534690E-1
1.892289E1 -4.906794E-2 -2.535434E-1
1.894053E1 -4.814714E-2 -2.536432E-1
1.895816E1 -4.649852E-2 -2.538314E-1
1.897580E1 -4.509651E-2 -2.541845E-1
1.899344E1 -4.273464E-2 -2.543995E-1
1.901107E1 -4.041707E-2 -2.549389E-1
1.902871E1 -3.717120E-2 -2.552827E-1
1.904634E1 -3.343239E-2 -2.556293E-1
1.906398E1 -3.028832E-2 -2.560600E-1
1.908161E1 -2.633250E-2 -2.562705E-1
1.909925E1 -2.270735E-2 -2.568701E-1
1.911688E1 -1.825837E-2 -2.571222E-1
1.913452E1 -1.362266E-2 -2.572741E-1
1.915215E1 -8.940768E-3 -2.573550E-1
1.916979E1 -4.077028E-3 -2.573723E-1
1.918743E1 6.879493E-4 -2.574489E-1
1.920506E1 1.488280E-2 -2.568193E-1
1.922270E1 1.864602E-2 -2.565473E-1
1.924033E1 2.368501E-2 -2.559535E-1
1.925797E1 2.707044E-2 -2.559815E-1
1.927560E1 3.184993E-2 -2.552642E-1
1.929324E1 3.481146E-2 -2.551690E-1
1.931087E1 3.851356E-2 -2.543307E-1
1.932851E1 4.198068E-2 -2.537428E-1
1.934615E1 4.412987E-2 -2.533758E-1
1.936378E1 4.715117E-2 -2.529342E-1
1.938142E1 4.866705E-2 -2.527445E-1
1.939905E1 5.069990E-2 -2.523026E-1
1.941669E1 5.155446E-2 -2.521184E-1
1.943432E1 5.221731E-2 -2.519910E-1
1.945196E1 5.254313E-2 -2.518906E-1
1.946959E1 5.260520E-2 -2.519405E-1
1.948723E1 5.257172E-2 -2.519625E-1
1.950486E1 5.216189E-2 -2.521749E-1
1.952250E1 5.030974E-2 -2.525459E-1
1.954014E1 4.896606E-2 -2.529144E-1
1.955777E1 4.743181E-2 -2.529219E-1
1.957541E1 4.468548E-2 -2.536746E-1
1.959304E1 4.162594E-2 -2.540933E-1
1.961068E1 3.935400E-2 -2.545124E-1
1.962831E1 3.555809E-2 -2.552103E-1
1.964595E1 3.156308E-2 -2.558430E-1
1.966358E1 2.812846E-2 -2.560788E-1
1.968122E1 2.341607E-2 -2.565117E-1
1.969886E1 1.976755E-2 -2.568861E-1
1.971649E1 1.475738E-2 -2.573238E-1
1.973413E1 1.046344E-2 -2.574429E-1
1.975176E1 6.070361E-3 -2.575846E-1
1.976940E1 8.905098E-4 -2.577197E-1
1.978703E1 -3.604353E-3 -2.579510E-1
1.980467E1 -8.358720E-3 -2.579124E-1
1.982230E1 -1.289873E-2 -2.577694E-1
1.983994E1 -1.677231E-2 -2.573978E-1
1.985757E1 -2.140618E-2 -2.570460E-1
1.987521E1 -2.532413E-2 -2.567656E-1
1.989285E1 -2.871310E-2 -2.563418E-1
1.991048E1 -3.252798E-2 -2.560670E-1
1.992812E1 -3.534714E-2 -2.556029E-1
1.994575E1 -3.829763E-2 -2.551755E-1
1.996339E1 -4.040826E-2 -2.546246E-1
1.998102E1 -4.265481E-2 -2.543678E-1
1.999866E1 -4.471071E-2 -2.541465E-1
2.001629E1 -4.623544E-2 -2.540369E-1
2.003393E1 -4.688634E-2 -2.539416E-1
2.005157E1 -4.714436E-2 -2.537632E-1
2.006920E1 -4.704207E-2 -2.536867E-1
2.008684E1 -4.684145E-2 -2.536833E-1
2.010447E1 -4.619464E-2 -2.537362E-1
2.012211E1 -4.504039E-2 -2.538264E-1
2.013974E1 -4.407739E-2 -2.540478E-1
2.015738E1 -4.189814E-2 -2.543173E-1
2.017501E1 -3.921673E-2 -2.546672E-1
2.019265E1 -3.696980E-2 -2.550715E-1
2.021028E1 -3.374270E-2 -2.553623E-1
2.022792E1 -3.075931E-2 -2.559107E-1
2.024556E1 -2.695151E-2 -2.561585E-1
2.026319E1 -2.298750E-2 -2.564516E-1
2.028083E1 -1.933566E-2 -2.569100E-1
2.029846E1 -1.502943E-2 -2.571551E-1
2.031610E1 -1.088464E-2 -2.573015E-1
2.033373E1 -6.276655E-3 -2.573476E-1
2.035137E1 -1.694803E-3 -2.574246E-1
2.036900E1 2.923049E-3 -2.573446E-1
2.038664E1 7.337474E-3 -2.573258E-1
2.040428E1 1.138584E-2 -2.571324E-1
2.042191E1 1.633683E-2 -2.568017E-1
2.043955E1 2.027562E-2 -2.565072E-1
2.045718E1 2.471105E-2 -2.561549E-1
2.047482E1 2.839184E-2 -2.558121E-1
2.049245E1 3.269991E-2 -2.553865E-1
2.051009E1 3.575823E-2 -2.549444E-1
2.052772E1 3.922189E-2 -2.544201E-1
2.054536E1 4.250021E-2 -2.537167E-1
2.056299E1 4.480587E-2 -2.535751E-1
2.058063E1 4.724966E-2 -2.531024E-1
2.059827E1 4.860129E-2 -2.527907E-1
2.061590E1 5.000702E-2 -2.524791E-1
2.063354E1 5.099852E-2 -2.524573E-1
2.065117E1 5.217485E-2 -2.523395E-1
2.066881E1 5.229808E-2 -2.522771E-1
2.068644E1 5.229064E-2 -2.522280E-1
2.070408E1 5.189299E-2 -2.521790E-1
2.072171E1 5.130635E-2 -2.523175E-1
2.073935E1 4.953409E-2 -2.527640E-1
2.075699E1 4.803998E-2 -2.529573E-1
2.077462E1 4.560329E-2 -2.534871E-1
2.079226E1 4.354899E-2 -2.536965E-1
2.080989E1 4.048006E-2 -2.543758E-1
2.082753E1 3.717326E-2 -2.550255E-1
2.084516E1 3.413786E-2 -2.552880E-1
2.086280E1 3.026188E-2 -2.559433E-1
2.088043E1 2.687132E-2 -2.561126E-1
2.089807E1 2.246341E-2 -2.565839E-1
2.091570E1 1.877025E-2 -2.569415E-1
2.093334E1 1.390732E-2 -2.573320E-1
2.095098E1 4.682861E-3 -2.577442E-1
2.096861E1 3.858906E-4 -2.579258E-1
2.098625E1 -4.146649E-3 -2.579422E-1
2.100388E1 -8.341888E-3 -2.579306E-1
2.102152E1 -1.279729E-2 -2.578496E-1
2.103915E1 -1.701223E-2 -2.577083E-1
2.105679E1 -2.087871E-2 -2.574571E-1
2.107442E1 -2.480129E-2 -2.569315E-1
2.109206E1 -2.848919E-2 -2.566582E-1
2.110970E1 -3.140701E-2 -2.562518E-1
2.112733E1 -3.438985E-2 -2.559274E-1
2.114497E1 -3.697010E-2 -2.556878E-1
2.116260E1 -3.884198E-2 -2.554331E-1
2.118024E1 -4.092400E-2 -2.550940E-1
2.119787E1 -4.257511E-2 -2.549300E-1
2.121551E1 -4.352992E-2 -2.546222E-1
2.123314E1 -4.432049E-2 -2.544662E-1
2.125078E1 -4.490070E-2 -2.544354E-1
2.126841E1 -4.486845E-2 -2.544403E-1
2.128605E1 -4.426854E-2 -2.544371E-1
2.130369E1 -4.335266E-2 -2.545230E-1
2.132132E1 -4.035257E-2 -2.549335E-1
2.133896E1 -3.851943E-2 -2.552403E-1
2.135659E1 -3.595723E-2 -2.555257E-1
2.137423E1 -3.295499E-2 -2.556101E-1
2.139186E1 -3.018042E-2 -2.559773E-1
2.140950E1 -2.693044E-2 -2.563486E-1
2.142713E1 -2.364176E-2 -2.566090E-1
2.144477E1 -1.967974E-2 -2.570292E-1
2.146241E1 -1.557973E-2 -2.572242E-1
2.148004E1 -1.150818E-2 -2.573035E-1
2.149768E1 -7.054778E-3 -2.573733E-1
2.151531E1 -2.514832E-3 -2.574399E-1
2.153295E1 1.769571E-3 -2.573255E-1
2.155058E1 6.093508E-3 -2.572982E-1
2.156822E1 1.019883E-2 -2.571917E-1
2.158585E1 1.495935E-2 -2.568006E-1
2.160349E1 1.912754E-2 -2.566185E-1
2.162112E1 2.303744E-2 -2.563859E-1
2.163876E1 2.700938E-2 -2.561542E-1
2.165640E1 3.050474E-2 -2.557828E-1
2.167403E1 3.425552E-2 -2.553246E-1
2.169167E1 3.788481E-2 -2.546610E-1
2.170930E1 4.030595E-2 -2.542072E-1
2.172694E1 4.320981E-2 -2.538459E-1
2.174457E1 4.520581E-2 -2.533443E-1
2.176221E1 4.728380E-2 -2.531492E-1
2.177984E1 4.868492E-2 -2.527959E-1
2.179748E1 4.978218E-2 -2.526238E-1
2.181512E1 5.035520E-2 -2.525481E-1
2.183275E1 5.080859E-2 -2.525058E-1
2.185039E1 5.092698E-2 -2.526092E-1
2.186802E1 5.097987E-2 -2.526859E-1
2.188566E1 5.037384E-2 -2.528645E-1
2.190329E1 4.943807E-2 -2.531408E-1
2.192093E1 4.775107E-2 -2.533486E-1
2.193856E1 4.609197E-2 -2.536784E-1
2.195620E1 4.370147E-2 -2.541004E-1
2.197383E1 4.155364E-2 -2.546628E-1
2.199147E1 3.828901E-2 -2.550636E-1
2.200911E1 3.554058E-2 -2.554941E-1
2.202674E1 3.202633E-2 -2.559694E-1
2.204438E1 2.864924E-2 -2.562047E-1
2.206201E1 2.453509E-2 -2.566336E-1
2.207965E1 2.076769E-2 -2.568848E-1
2.209728E1 1.640396E-2 -2.574299E-1
2.211492E1 1.233180E-2 -2.575473E-1
2.213255E1 7.973428E-3 -2.576566E-1
2.215019E1 3.456821E-3 -2.578353E-1
2.216783E1 -7.232094E-4 -2.579283E-1
2.218546E1 -4.954263E-3 -2.580184E-1
2.220310E1 -9.140290E-3 -2.579831E-1
2.222073E1 -1.329388E-2 -2.579232E-1
2.223837E1 -1.702987E-2 -2.577463E-1
2.225600E1 -2.095849E-2 -2.575157E-1
2.227364E1 -2.437349E-2 -2.572300E-1
2.229127E1 -2.774400E-2 -2.569500E-1
2.230891E1 -3.086593E-2 -2.566146E-1
2.232654E1 -3.351052E-2 -2.563425E-1
2.234418E1 -3.606885E-2 -2.559829E-1
2.236182E1 -3.964027E-2 -2.554249E-1
2.237945E1 -4.093708E-2 -2.551585E-1
2.239709E1 -4.187730E-2 -2.550759E-1
2.241472E1 -4.226165E-2 -2.549960E-1
2.243236E1 -4.195251E-2 -2.550249E-1
2.244999E1 -4.173545E-2 -2.551239E-1
2.246763E1 -4.084293E-2 -2.551876E-1
2.248526E1 -3.940351E-2 -2.553416E-1
2.250290E1 -3.545568E-2 -2.559572E-1
2.252054E1 -3.006989E-2 -2.565171E-1
2.253817E1 -2.731451E-2 -2.567588E-1
2.255581E1 -2.403128E-2 -2.570290E-1
2.257344E1 -2.035287E-2 -2.572514E-1
2.259108E1 -1.653065E-2 -2.574012E-1
2.260871E1 -1.281798E-2 -2.576669E-1
2.262635E1 -8.709353E-3 -2.579574E-1
2.264398E1 -2.716334E-4 -2.579903E-1
2.266162E1 3.758259E-3 -2.578884E-1
2.267925E1 1.250784E-2 -2.576023E-1
2.269689E1 1.653709E-2 -2.574709E-1
2.271453E1 2.047266E-2 -2.572197E-1
2.273216E1 2.434501E-2 -2.568708E-1
2.274980E1 2.783317E-2 -2.564908E-1
2.276743E1 3.153989E-2 -2.561507E-1
2.278507E1 3.449114E-2 -2.557265E-1
2.280270E1 3.765632E-2 -2.552380E-1
2.282034E1 4.014825E-2 -2.548317E-1
2.283797E1 4.280860E-2 -2.544003E-1
2.285561E1 4.460164E-2 -2.542133E-1
2.287325E1 4.649590E-2 -2.539685E-1
2.289088E1 4.765715E-2 -2.536318E-1
2.290852E1 4.859736E-2 -2.534695E-1
2.292615E1 4.924632E-2 -2.533200E-1
2.294379E1 4.946358E-2 -2.534106E-1
2.296142E1 4.944311E-2 -2.534454E-1
2.297906E1 4.915625E-2 -2.534695E-1
2.299669E1 4.842283E-2 -2.537882E-1
2.301433E1 4.702133E-2 -2.539941E-1
2.303196E1 4.542940E-2 -2.544204E-1
2.304960E1 4.365459E-2 -2.546269E-1
2.306724E1 4.120563E-2 -2.550414E-1
2.308487E1 3.568673E-2 -2.560232E-1
2.310251E1 3.258956E-2 -2.563515E-1
2.312014E1 2.927411E-2 -2.568422E-1
2.313778E1 2.569829E-2 -2.572181E-1
2.315541E1 2.180622E-2 -2.575106E-1
2.317305E1 1.773312E-2 -2.578826E-1
2.319068E1 1.371163E-2 -2.581746E-1
2.320832E1 9.516081E-3 -2.584097E-1
2.322596E1 5.534976E-3 -2.584843E-1
2.324359E1 -2.729542E-3 -2.584567E-1
2.326123E1 -6.824522E-3 -2.583178E-1
2.327886E1 -1.115134E-2 -2.580947E-1
2.329650E1 -1.902274E-2 -2.576496E-1
2.331413E1 -2.251585E-2 -2.575212E-1
2.333177E1 -2.555610E-2 -2.571876E-1
2.334940E1 -2.867519E-2 -2.569144E-1
2.336704E1 -3.160195E-2 -2.567292E-1
2.338467E1 -3.413817E-2 -2.563668E-1
2.340231E1 -3.644486E-2 -2.560132E-1
2.341995E1 -3.819569E-2 -2.557991E-1
2.343758E1 -3.939952E-2 -2.556209E-1
2.345522E1 -4.073506E-2 -2.554862E-1
2.347285E1 -4.166943E-2 -2.553047E-1
2.349049E1 -4.191779E-2 -2.551956E-1
2.350812E1 -4.189787E-2 -2.551882E-1
2.352576E1 -4.175536E-2 -2.552058E-1
2.354339E1 -4.098598E-2 -2.552368E-1
2.356103E1 -3.971756E-2 -2.553775E-1
2.357867E1 -3.822484E-2 -2.555674E-1
2.359630E1 -3.658615E-2 -2.559017E-1
2.361394E1 -3.443726E-2 -2.560948E-1
2.363157E1 -3.192751E-2 -2.562994E-1
2.364921E1 -2.930155E-2 -2.566568E-1
2.366684E1 -2.622294E-2 -2.569644E-1
2.368448E1 -2.284889E-2 -2.571836E-1
2.370211E1 -1.936295E-2 -2.574003E-1
2.371975E1 -1.576424E-2 -2.575835E-1
2.373739E1 -1.198004E-2 -2.578775E-1
2.375502E1 -8.028849E-3 -2.580780E-1
2.377266E1 -3.912497E-3 -2.581504E-1
2.379029E1 3.347232E-4 -2.581040E-1
2.380793E1 4.307976E-3 -2.580521E-1
2.382556E1 8.511222E-3 -2.578808E-1
2.384320E1 1.281303E-2 -2.577357E-1
2.386083E1 1.650345E-2 -2.575971E-1
2.387847E1 2.021553E-2 -2.572541E-1
2.389610E1 2.418789E-2 -2.569672E-1
2.391374E1 2.770558E-2 -2.565456E-1
2.393138E1 3.107751E-2 -2.562056E-1
2.394901E1 3.384389E-2 -2.558661E-1
2.396665E1 3.697189E-2 -2.553845E-1
2.398428E1 3.926961E-2 -2.549793E-1
2.400192E1 4.180671E-2 -2.545621E-1
2.401955E1 4.345716E-2 -2.542855E-1
2.403719E1 4.484559E-2 -2.541596E-1
2.405482E1 4.622365E-2 -2.539081E-1
2.407246E1 4.683125E-2 -2.537406E-1
2.409010E1 4.732527E-2 -2.536922E-1
2.410773E1 4.721848E-2 -2.536748E-1
2.412537E1 4.712672E-2 -2.536741E-1
2.414300E1 4.642982E-2 -2.538938E-1
2.416064E1 4.529824E-2 -2.540155E-1
2.417827E1 4.400293E-2 -2.543559E-1
2.419591E1 4.243797E-2 -2.545805E-1
2.421354E1 4.030210E-2 -2.550465E-1
2.423118E1 3.816546E-2 -2.554554E-1
2.424881E1 3.521482E-2 -2.557764E-1
2.426645E1 3.257588E-2 -2.560686E-1
2.428409E1 2.928196E-2 -2.564676E-1
2.430172E1 2.613091E-2 -2.568491E-1
2.431936E1 2.218336E-2 -2.572227E-1
2.433699E1 1.856068E-2 -2.575746E-1
2.435463E1 1.510659E-2 -2.576368E-1
2.437226E1 1.071033E-2 -2.580979E-1
2.438990E1 6.575443E-3 -2.582434E-1
2.440753E1 2.697765E-3 -2.582285E-1
2.442517E1 -1.160891E-3 -2.581926E-1
2.444281E1 -5.303323E-3 -2.581775E-1
2.446044E1 -9.479372E-3 -2.580405E-1
2.447808E1 -1.340095E-2 -2.579460E-1
2.449571E1 -1.729929E-2 -2.577192E-1
2.451335E1 -2.097383E-2 -2.575959E-1
2.453098E1 -2.383655E-2 -2.572313E-1
2.454862E1 -2.743213E-2 -2.570581E-1
2.456625E1 -3.025655E-2 -2.566479E-1
2.458389E1 -3.234309E-2 -2.563030E-1
2.460152E1 -3.486206E-2 -2.559745E-1
2.461916E1 -3.678052E-2 -2.559026E-1
2.463680E1 -3.891672E-2 -2.557594E-1
2.465443E1 -3.947128E-2 -2.555076E-1
2.467207E1 -4.055982E-2 -2.552757E-1
2.468970E1 -4.117775E-2 -2.552035E-1
2.470734E1 -4.119683E-2 -2.551676E-1
2.472497E1 -4.118589E-2 -2.551665E-1
2.474261E1 -4.062281E-2 -2.551326E-1
2.476024E1 -3.844342E-2 -2.554836E-1
2.477788E1 -3.644263E-2 -2.555156E-1
2.479552E1 -3.514984E-2 -2.558705E-1
2.481315E1 -3.256460E-2 -2.561177E-1
2.483079E1 -3.004190E-2 -2.563314E-1
2.484842E1 -2.731455E-2 -2.564292E-1
2.486606E1 -2.435221E-2 -2.567618E-1
2.488369E1 -2.095890E-2 -2.571370E-1
2.490133E1 -1.738131E-2 -2.572300E-1
2.491896E1 -1.364904E-2 -2.573574E-1
2.493660E1 -9.914236E-3 -2.573719E-1
2.495423E1 -5.975638E-3 -2.574592E-1
2.497187E1 -1.963723E-3 -2.574432E-1
2.498951E1 1.798313E-3 -2.572990E-1
2.500714E1 5.718636E-3 -2.573769E-1
2.502478E1 9.351775E-3 -2.571675E-1
2.504241E1 1.421942E-2 -2.567215E-1
2.506005E1 1.759665E-2 -2.565858E-1
2.507768E1 2.083196E-2 -2.564431E-1
2.509532E1 2.468773E-2 -2.560868E-1
2.511295E1 2.749910E-2 -2.559105E-1
2.513059E1 3.045955E-2 -2.558456E-1
2.514823E1 3.394875E-2 -2.553753E-1
2.516586E1 3.591176E-2 -2.550562E-1
2.518350E1 3.877430E-2 -2.545706E-1
2.520113E1 4.010447E-2 -2.543185E-1
2.521877E1 4.182372E-2 -2.541123E-1
2.523640E1 4.365188E-2 -2.538143E-1
2.525404E1 4.425421E-2 -2.536376E-1
2.527167E1 4.491203E-2 -2.535986E-1
2.528931E1 4.518321E-2 -2.536459E-1
2.530694E1 4.522772E-2 -2.536527E-1
2.532458E1 4.499306E-2 -2.536123E-1
2.534222E1 4.454919E-2 -2.537796E-1
2.535985E1 4.164581E-2 -2.542950E-1
2.537749E1 3.782359E-2 -2.551670E-1
2.539512E1 3.579704E-2 -2.552559E-1
2.541276E1 3.248708E-2 -2.558080E-1
2.543039E1 2.992558E-2 -2.560659E-1
2.544803E1 2.655802E-2 -2.567259E-1
2.546566E1 2.364369E-2 -2.568350E-1
2.548330E1 1.947019E-2 -2.573433E-1
2.550094E1 1.610605E-2 -2.574657E-1
2.551857E1 1.151160E-2 -2.580204E-1
2.553621E1 7.822335E-3 -2.581340E-1
2.555384E1 4.153284E-3 -2.581223E-1
2.557148E1 7.167277E-4 -2.582854E-1
2.558911E1 -3.507822E-3 -2.581984E-1
2.560675E1 -7.618003E-3 -2.580818E-1
2.562438E1 -1.137251E-2 -2.579132E-1
2.564202E1 -1.512182E-2 -2.578285E-1
2.565965E1 -1.912315E-2 -2.575919E-1
2.567729E1 -2.182057E-2 -2.573413E-1
2.569493E1 -2.524226E-2 -2.570912E-1
2.571256E1 -2.820296E-2 -2.567535E-1
2.573020E1 -3.023761E-2 -2.564450E-1
2.574783E1 -3.270587E-2 -2.561314E-1
2.576547E1 -3.490242E-2 -2.559735E-1
2.578310E1 -3.644320E-2 -2.554773E-1
2.580074E1 -3.765615E-2 -2.553821E-1
2.581837E1 -3.900189E-2 -2.551765E-1
2.583601E1 -3.962770E-2 -2.551136E-1
2.585365E1 -3.993285E-2 -2.551408E-1
2.587128E1 -4.005807E-2 -2.551442E-1
2.588892E1 -3.992252E-2 -2.552038E-1
2.590655E1 -3.940251E-2 -2.552196E-1
2.592419E1 -3.825962E-2 -2.553707E-1
2.594182E1 -3.677128E-2 -2.554412E-1
2.595946E1 -3.497654E-2 -2.555414E-1
2.597709E1 -3.277769E-2 -2.556493E-1
2.599473E1 -3.100807E-2 -2.559737E-1
2.601236E1 -2.829328E-2 -2.562499E-1
2.603000E1 -2.522595E-2 -2.563646E-1
2.604764E1 -2.209126E-2 -2.565264E-1
2.606527E1 -1.940692E-2 -2.569181E-1
2.608291E1 -1.575474E-2 -2.570466E-1
2.610054E1 -1.186717E-2 -2.573013E-1
2.611818E1 -8.255074E-3 -2.572624E-1
2.613581E1 -4.322287E-3 -2.573871E-1
2.615345E1 -5.257417E-4 -2.573474E-1
2.617108E1 3.291918E-3 -2.574161E-1
2.618872E1 6.886529E-3 -2.571716E-1
2.620636E1 1.144471E-2 -2.568469E-1
2.622399E1 1.482956E-2 -2.567371E-1
2.624163E1 1.799602E-2 -2.565718E-1
2.625926E1 2.206682E-2 -2.560058E-1
2.627690E1 2.474474E-2 -2.558757E-1
2.629453E1 2.779775E-2 -2.558223E-1
2.631217E1 3.107096E-2 -2.553219E-1
2.632980E1 3.346773E-2 -2.551105E-1
2.634744E1 3.556539E-2 -2.550107E-1
2.636507E1 3.825437E-2 -2.543332E-1
2.638271E1 3.952805E-2 -2.543468E-1
2.640035E1 4.189719E-2 -2.536954E-1
2.641798E1 4.270194E-2 -2.535997E-1
2.643562E1 4.329056E-2 -2.535529E-1
2.645325E1 4.362821E-2 -2.536239E-1
2.647089E1 4.377314E-2 -2.536424E-1
2.648852E1 4.375524E-2 -2.536392E-1
2.650616E1 4.347090E-2 -2.536131E-1
2.652379E1 4.306441E-2 -2.537945E-1
2.654143E1 4.099912E-2 -2.542331E-1
2.655907E1 3.973647E-2 -2.544625E-1
2.657670E1 3.721915E-2 -2.550779E-1
2.659434E1 3.543257E-2 -2.551826E-1
2.661197E1 3.326192E-2 -2.552963E-1
2.662961E1 3.011508E-2 -2.557854E-1
2.664724E1 2.776703E-2 -2.559688E-1
2.666488E1 2.412575E-2 -2.564281E-1
2.668251E1 2.134020E-2 -2.567567E-1
2.670015E1 1.708719E-2 -2.572517E-1
2.671778E1 1.382158E-2 -2.574185E-1
2.673542E1 1.008309E-2 -2.575644E-1
2.675306E1 6.553504E-3 -2.576822E-1
2.677069E1 2.254609E-3 -2.578982E-1
2.678833E1 -1.520199E-3 -2.578508E-1
2.680596E1 -5.390689E-3 -2.579255E-1
2.682360E1 -8.998751E-3 -2.578606E-1
2.684123E1 -1.258979E-2 -2.578543E-1
2.685887E1 -1.644524E-2 -2.576402E-1
2.687650E1 -1.907880E-2 -2.573175E-1
2.689414E1 -2.254555E-2 -2.571204E-1
2.691178E1 -2.555584E-2 -2.568706E-1
2.692941E1 -2.774222E-2 -2.564503E-1
2.694705E1 -3.027342E-2 -2.561684E-1
2.696468E1 -3.249106E-2 -2.560559E-1
2.698232E1 -3.451248E-2 -2.558318E-1
2.699995E1 -3.527297E-2 -2.555408E-1
2.701759E1 -3.661118E-2 -2.553732E-1
2.703522E1 -3.754116E-2 -2.552842E-1
2.705286E1 -3.820944E-2 -2.551305E-1
2.707049E1 -3.830660E-2 -2.552078E-1
2.708813E1 -3.829520E-2 -2.552120E-1
2.710577E1 -3.787559E-2 -2.551972E-1
2.712340E1 -3.714460E-2 -2.552494E-1
2.714104E1 -3.570782E-2 -2.553010E-1
2.715867E1 -3.391133E-2 -2.554500E-1
2.717631E1 -3.195629E-2 -2.555461E-1
2.719394E1 -3.030483E-2 -2.559288E-1
2.721158E1 -2.784101E-2 -2.561342E-1
2.722921E1 -2.506567E-2 -2.563541E-1
2.724685E1 -2.195043E-2 -2.565175E-1
2.726449E1 -1.934895E-2 -2.568569E-1
2.728212E1 -1.601105E-2 -2.571362E-1
2.729976E1 -1.265647E-2 -2.572001E-1
2.731739E1 -9.076270E-3 -2.572116E-1
2.733503E1 -5.189311E-3 -2.573564E-1
2.735266E1 -1.447329E-3 -2.573093E-1
2.737030E1 1.995963E-3 -2.572476E-1
2.738793E1 5.550438E-3 -2.573136E-1
2.740557E1 9.039812E-3 -2.572545E-1
2.742320E1 1.343768E-2 -2.567309E-1
2.744084E1 1.659733E-2 -2.566879E-1
2.745848E1 2.356879E-2 -2.560293E-1
2.747611E1 2.621042E-2 -2.558956E-1
2.749375E1 2.908670E-2 -2.557771E-1
2.751138E1 3.206429E-2 -2.553337E-1
2.752902E1 3.397596E-2 -2.551780E-1
2.754665E1 3.595961E-2 -2.548862E-1
2.756429E1 3.851714E-2 -2.544261E-1
2.758192E1 3.977157E-2 -2.544273E-1
2.759956E1 4.084350E-2 -2.541361E-1
2.761720E1 4.194530E-2 -2.540491E-1
2.763483E1 4.230990E-2 -2.542436E-1
2.765247E1 4.258547E-2 -2.541374E-1
2.767010E1 4.270533E-2 -2.542174E-1
2.768774E1 4.239696E-2 -2.543664E-1
2.770537E1 4.193935E-2 -2.544186E-1
2.772301E1 4.095418E-2 -2.545175E-1
2.774064E1 3.923763E-2 -2.548683E-1
2.775828E1 3.801007E-2 -2.552636E-1
2.777591E1 3.621200E-2 -2.554228E-1
2.779355E1 3.359955E-2 -2.559113E-1
2.781119E1 3.138205E-2 -2.561377E-1
2.782882E1 2.892416E-2 -2.562935E-1
2.784646E1 2.551811E-2 -2.566804E-1
2.786409E1 2.289537E-2 -2.568604E-1
2.788173E1 1.889027E-2 -2.573540E-1
2.789936E1 1.568964E-2 -2.575812E-1
2.791700E1 1.228752E-2 -2.576490E-1
2.793463E1 8.097277E-3 -2.579640E-1
2.795227E1 4.558688E-3 -2.580460E-1
2.796991E1 1.034106E-3 -2.580643E-1
2.798754E1 -9.644587E-3 -2.579450E-1
2.800518E1 -1.309479E-2 -2.578455E-1
2.802281E1 -1.649350E-2 -2.576901E-1
2.804045E1 -1.982172E-2 -2.575420E-1
2.805808E1 -2.231002E-2 -2.573055E-1
2.807572E1 -2.504239E-2 -2.570528E-1
2.809335E1 -2.931134E-2 -2.564166E-1
2.811099E1 -3.151721E-2 -2.561357E-1
2.812862E1 -3.327060E-2 -2.561079E-1
2.814626E1 -3.451384E-2 -2.558914E-1
2.816390E1 -3.577617E-2 -2.558563E-1
2.818153E1 -3.602020E-2 -2.557770E-1
2.819917E1 -3.662307E-2 -2.558857E-1
2.821680E1 -3.668346E-2 -2.559346E-1
2.823444E1 -3.630136E-2 -2.558995E-1
2.825207E1 -3.587507E-2 -2.560451E-1
2.826971E1 -3.485281E-2 -2.560699E-1
2.828734E1 -3.326064E-2 -2.562446E-1
2.830498E1 -3.178478E-2 -2.562773E-1
2.832262E1 -2.961275E-2 -2.563581E-1
2.834025E1 -2.749122E-2 -2.565204E-1
2.835789E1 -2.530806E-2 -2.566965E-1
2.837552E1 -2.257171E-2 -2.570641E-1
2.839316E1 -1.954816E-2 -2.572099E-1
2.841079E1 -1.633140E-2 -2.573077E-1
2.842843E1 -1.317468E-2 -2.573308E-1
2.844606E1 -9.550675E-3 -2.574042E-1
2.846370E1 -6.058975E-3 -2.574095E-1
2.848133E1 -2.583877E-3 -2.574870E-1
2.849897E1 9.817822E-4 -2.573375E-1
2.851661E1 4.601053E-3 -2.573605E-1
2.853424E1 7.974532E-3 -2.573590E-1
2.855188E1 1.127966E-2 -2.571617E-1
2.856951E1 1.526344E-2 -2.568078E-1
2.858715E1 1.835040E-2 -2.566038E-1
2.860478E1 2.155586E-2 -2.565454E-1
2.862242E1 2.463825E-2 -2.563397E-1
2.864005E1 2.758754E-2 -2.561197E-1
2.865769E1 3.018223E-2 -2.559286E-1
2.867533E1 3.248929E-2 -2.555459E-1
2.869296E1 3.489075E-2 -2.554168E-1
2.871060E1 3.650770E-2 -2.551712E-1
2.872823E1 3.798447E-2 -2.549274E-1
2.874587E1 3.973981E-2 -2.547098E-1
2.876350E1 4.065600E-2 -2.545150E-1
2.878114E1 4.131392E-2 -2.543583E-1
2.879877E1 4.146967E-2 -2.543863E-1
2.881641E1 4.145867E-2 -2.543885E-1
2.883404E1 4.139043E-2 -2.543785E-1
2.885168E1 4.117072E-2 -2.543650E-1
2.886932E1 4.043609E-2 -2.546420E-1
2.888695E1 3.887332E-2 -2.549314E-1
2.890459E1 3.748941E-2 -2.551166E-1
2.892222E1 3.595094E-2 -2.553480E-1
2.893986E1 3.368488E-2 -2.556611E-1
2.895749E1 3.149817E-2 -2.561024E-1
2.897513E1 2.917766E-2 -2.561726E-1
2.899276E1 2.619981E-2 -2.565028E-1
2.901040E1 2.333652E-2 -2.568229E-1
2.902804E1 2.028632E-2 -2.571180E-1
2.904567E1 1.712345E-2 -2.575952E-1
2.906331E1 1.401011E-2 -2.576525E-1
2.908094E1 1.022232E-2 -2.578054E-1
2.909858E1 6.587373E-3 -2.581020E-1
2.911621E1 3.066183E-3 -2.581653E-1
2.913385E1 -4.179711E-4 -2.581684E-1
2.915148E1 -3.912427E-3 -2.581558E-1
2.916912E1 -7.220440E-3 -2.580967E-1
2.918675E1 -1.054077E-2 -2.579481E-1
2.920439E1 -1.381374E-2 -2.578105E-1
2.922203E1 -1.697862E-2 -2.576621E-1
2.923966E1 -2.011963E-2 -2.575878E-1
2.925730E1 -2.261766E-2 -2.574054E-1
2.927493E1 -2.513536E-2 -2.570655E-1
2.929257E1 -2.749787E-2 -2.569153E-1
2.931020E1 -2.954864E-2 -2.566819E-1
2.932784E1 -3.125871E-2 -2.565409E-1
2.934547E1 -3.227050E-2 -2.563147E-1
2.936311E1 -3.332191E-2 -2.561885E-1
2.938075E1 -3.420542E-2 -2.560594E-1
2.939838E1 -3.472511E-2 -2.560013E-1
2.941602E1 -3.496952E-2 -2.560726E-1
2.943365E1 -3.505275E-2 -2.560457E-1
2.945129E1 -3.450017E-2 -2.559987E-1
2.946892E1 -3.360018E-2 -2.560792E-1
2.948656E1 -3.255647E-2 -2.561899E-1
2.950419E1 -3.103759E-2 -2.562941E-1
2.952183E1 -2.923125E-2 -2.564404E-1
2.953947E1 -2.700638E-2 -2.564963E-1
2.955710E1 -2.516454E-2 -2.567422E-1
2.957474E1 -2.268794E-2 -2.569548E-1
2.959237E1 -1.984385E-2 -2.571057E-1
2.961001E1 -1.687488E-2 -2.572967E-1
2.962764E1 -1.356846E-2 -2.573943E-1
2.964528E1 -1.047009E-2 -2.574089E-1
2.966291E1 -7.062643E-3 -2.574657E-1
2.968055E1 -3.732572E-3 -2.574095E-1
2.969818E1 -3.188379E-4 -2.573908E-1
2.971582E1 3.099532E-3 -2.573685E-1
2.973346E1 6.323049E-3 -2.573190E-1
2.975109E1 9.705610E-3 -2.572629E-1
2.976873E1 1.377025E-2 -2.568526E-1
2.978636E1 1.661011E-2 -2.567377E-1
2.980400E1 1.957404E-2 -2.565473E-1
2.982163E1 2.301536E-2 -2.562135E-1
2.983927E1 2.544148E-2 -2.559525E-1
2.985690E1 2.799691E-2 -2.558264E-1
2.987454E1 3.046596E-2 -2.556932E-1
2.989218E1 3.308562E-2 -2.554795E-1
2.990981E1 3.454474E-2 -2.551783E-1
2.992745E1 3.617968E-2 -2.550023E-1
2.994508E1 3.813230E-2 -2.547192E-1
2.996272E1 3.894734E-2 -2.545358E-1
2.998035E1 3.970622E-2 -2.544641E-1
2.999799E1 4.021697E-2 -2.542946E-1
3.001562E1 4.048883E-2 -2.543209E-1
3.003326E1 4.047589E-2 -2.543136E-1
3.005089E1 4.025149E-2 -2.543609E-1
3.006853E1 3.972240E-2 -2.545293E-1
3.008617E1 3.910142E-2 -2.544506E-1
3.010380E1 3.724427E-2 -2.550433E-1
3.012144E1 3.574527E-2 -2.551479E-1
3.013907E1 3.443644E-2 -2.553749E-1
3.015671E1 3.187264E-2 -2.557833E-1
3.017434E1 2.965030E-2 -2.560693E-1
3.019198E1 2.760705E-2 -2.560859E-1
3.020961E1 2.439112E-2 -2.566127E-1
3.022725E1 2.177602E-2 -2.567675E-1
3.024489E1 1.808068E-2 -2.572997E-1
3.026252E1 1.488310E-2 -2.575197E-1
3.028016E1 1.189407E-2 -2.575631E-1
3.029779E1 7.963762E-3 -2.577788E-1
3.031543E1 4.703312E-3 -2.581265E-1
3.033306E1 1.353569E-3 -2.581345E-1
3.035070E1 -2.149735E-3 -2.580489E-1
3.036833E1 -5.450377E-3 -2.580089E-1
3.038597E1 -8.818369E-3 -2.579560E-1
3.040360E1 -1.193523E-2 -2.579414E-1
3.042124E1 -1.527823E-2 -2.577836E-1
3.043888E1 -1.836516E-2 -2.576210E-1
3.045651E1 -2.068545E-2 -2.573402E-1
3.047415E1 -2.323534E-2 -2.570949E-1
3.049178E1 -2.540693E-2 -2.569304E-1
3.050942E1 -2.757357E-2 -2.567446E-1
3.052705E1 -2.883880E-2 -2.564119E-1
3.054469E1 -3.043609E-2 -2.562111E-1
3.056232E1 -3.179084E-2 -2.560760E-1
3.057996E1 -3.290050E-2 -2.559766E-1
3.059760E1 -3.339245E-2 -2.559742E-1
3.061523E1 -3.395699E-2 -2.559002E-1
3.063287E1 -3.380200E-2 -2.559609E-1
3.065050E1 -3.359691E-2 -2.560270E-1
3.066814E1 -3.308141E-2 -2.559987E-1
3.068577E1 -3.220520E-2 -2.561061E-1
3.070341E1 -3.076757E-2 -2.563017E-1
3.072104E1 -2.910189E-2 -2.564286E-1
3.073868E1 -2.745069E-2 -2.564160E-1
3.075631E1 -2.540589E-2 -2.563435E-1
3.077395E1 -2.302058E-2 -2.564933E-1
3.079159E1 -2.076963E-2 -2.566788E-1
3.080922E1 -1.793360E-2 -2.570903E-1
3.082686E1 -1.497171E-2 -2.573285E-1
3.084449E1 -1.193780E-2 -2.572827E-1
3.086213E1 -8.825376E-3 -2.572645E-1
3.087976E1 -5.508721E-3 -2.572753E-1
3.089740E1 -2.169059E-3 -2.573344E-1
3.091503E1 1.208054E-3 -2.573529E-1
3.093267E1 4.303733E-3 -2.572534E-1
3.095031E1 7.589420E-3 -2.571701E-1
3.096794E1 1.158583E-2 -2.568988E-1
3.098558E1 1.440127E-2 -2.566185E-1
3.100321E1 1.744927E-2 -2.565457E-1
3.102085E1 2.019584E-2 -2.564304E-1
3.103848E1 2.386444E-2 -2.560821E-1
3.105612E1 2.598929E-2 -2.559875E-1
3.107375E1 2.816581E-2 -2.559179E-1
3.109139E1 3.026415E-2 -2.556155E-1
3.110902E1 3.304272E-2 -2.553934E-1
3.112666E1 3.437140E-2 -2.551802E-1
3.114430E1 3.566289E-2 -2.552474E-1
3.116193E1 3.677810E-2 -2.549492E-1
3.117957E1 3.841364E-2 -2.545256E-1
3.119720E1 3.891317E-2 -2.545794E-1
3.121484E1 3.929173E-2 -2.544265E-1
3.123247E1 3.950919E-2 -2.544705E-1
3.125011E1 3.938496E-2 -2.544469E-1
3.126774E1 3.926262E-2 -2.545168E-1
3.128538E1 3.864427E-2 -2.545979E-1
3.130302E1 3.664030E-2 -2.549311E-1
3.132065E1 3.556933E-2 -2.552216E-1
3.133829E1 3.385069E-2 -2.553702E-1
3.135592E1 3.123403E-2 -2.558095E-1
3.137356E1 2.941132E-2 -2.559475E-1
3.139119E1 2.752764E-2 -2.559661E-1
3.140883E1 2.436233E-2 -2.565452E-1
3.142646E1 2.203765E-2 -2.567160E-1
3.144410E1 1.822738E-2 -2.573160E-1
3.146173E1 1.550968E-2 -2.574231E-1
3.147937E1 1.263557E-2 -2.574526E-1
3.149701E1 9.415665E-3 -2.575715E-1
3.151464E1 5.355093E-3 -2.579006E-1
3.153228E1 2.260099E-3 -2.580849E-1
3.154991E1 -1.039172E-3 -2.581167E-1
3.156755E1 -4.356756E-3 -2.580920E-1
3.158518E1 -7.733101E-3 -2.579747E-1
3.160282E1 -1.096899E-2 -2.579036E-1
3.162045E1 -1.416458E-2 -2.578183E-1
3.163809E1 -1.710923E-2 -2.576244E-1
3.165573E1 -1.941129E-2 -2.573636E-1
3.167336E1 -2.216141E-2 -2.571062E-1
3.169100E1 -2.450954E-2 -2.569730E-1
3.170863E1 -2.660740E-2 -2.568282E-1
3.172627E1 -2.796298E-2 -2.564880E-1
3.174390E1 -2.961050E-2 -2.562429E-1
3.176154E1 -3.091685E-2 -2.561894E-1
3.177917E1 -3.198980E-2 -2.559980E-1
3.179681E1 -3.281421E-2 -2.558979E-1
3.181444E1 -3.322706E-2 -2.558234E-1
3.183208E1 -3.330895E-2 -2.559804E-1
3.184972E1 -3.328956E-2 -2.560139E-1
3.186735E1 -3.296400E-2 -2.559930E-1
3.188499E1 -3.213800E-2 -2.560196E-1
3.190262E1 -3.102852E-2 -2.561582E-1
3.192026E1 -2.963201E-2 -2.561796E-1
3.193789E1 -2.791663E-2 -2.563241E-1
3.195553E1 -2.581037E-2 -2.564740E-1
3.197316E1 -2.372004E-2 -2.565059E-1
3.199080E1 -2.201449E-2 -2.567322E-1
3.200844E1 -1.934464E-2 -2.570281E-1
3.202607E1 -1.660610E-2 -2.571079E-1
3.204371E1 -1.355754E-2 -2.572491E-1
3.206134E1 -1.055497E-2 -2.572630E-1
3.207898E1 -7.289557E-3 -2.572734E-1
3.209661E1 -4.131615E-3 -2.572822E-1
3.211425E1 -7.236897E-4 -2.573189E-1
3.213188E1 2.360675E-3 -2.573615E-1
3.214952E1 5.453948E-3 -2.573213E-1
3.216715E1 8.445255E-3 -2.572350E-1
3.218479E1 1.144988E-2 -2.572944E-1
3.220243E1 1.518294E-2 -2.567236E-1
3.222006E1 1.780563E-2 -2.566277E-1
3.223770E1 2.039109E-2 -2.565628E-1
3.225533E1 2.393064E-2 -2.561087E-1
3.227297E1 2.806000E-2 -2.560007E-1
3.229060E1 2.989333E-2 -2.558079E-1
3.230824E1 3.393361E-2 -2.553513E-1
3.232587E1 3.500282E-2 -2.551191E-1
3.234351E1 3.591151E-2 -2.551115E-1
3.236115E1 3.651266E-2 -2.552486E-1
3.237878E1 3.680010E-2 -2.551396E-1
3.239642E1 3.709615E-2 -2.552028E-1
3.241405E1 3.709466E-2 -2.552125E-1
3.243169E1 3.699127E-2 -2.551951E-1
3.244932E1 3.653305E-2 -2.553393E-1
3.246696E1 3.556157E-2 -2.553345E-1
3.248459E1 3.370647E-2 -2.556824E-1
3.250223E1 3.236329E-2 -2.560135E-1
3.251986E1 3.062406E-2 -2.561747E-1
3.253750E1 2.896883E-2 -2.562190E-1
3.255514E1 2.619928E-2 -2.565804E-1
3.257277E1 2.406838E-2 -2.568250E-1
3.259041E1 2.154773E-2 -2.569707E-1
3.260804E1 1.809860E-2 -2.573340E-1
3.262568E1 1.545782E-2 -2.574452E-1
3.264331E1 1.282530E-2 -2.575403E-1
3.266095E1 9.721037E-3 -2.576855E-1
3.267858E1 6.511098E-3 -2.576818E-1
3.269622E1 2.775521E-3 -2.578000E-1
3.271386E1 -3.387077E-4 -2.579591E-1
3.273149E1 -3.516587E-3 -2.580178E-1
3.274913E1 -6.760423E-3 -2.580319E-1
3.276676E1 -1.008253E-2 -2.579897E-1
3.278440E1 -1.306661E-2 -2.577969E-1
3.280203E1 -1.600941E-2 -2.577440E-1
3.281967E1 -1.797333E-2 -2.572920E-1
3.283730E1 -2.081150E-2 -2.572057E-1
3.285494E1 -2.334507E-2 -2.569960E-1
3.287257E1 -2.559027E-2 -2.567841E-1
3.289021E1 -2.754435E-2 -2.567103E-1
3.290785E1 -2.836216E-2 -2.565089E-1
3.292548E1 -3.006802E-2 -2.562240E-1
3.294312E1 -3.122741E-2 -2.560753E-1
3.296075E1 -3.203672E-2 -2.560597E-1
3.297839E1 -3.251020E-2 -2.560405E-1
3.299602E1 -3.293305E-2 -2.559362E-1
3.301366E1 -3.274845E-2 -2.560086E-1
3.303129E1 -3.254401E-2 -2.560511E-1
3.304893E1 -3.218006E-2 -2.560347E-1
3.306657E1 -3.107721E-2 -2.561215E-1
3.308420E1 -2.977863E-2 -2.561721E-1
3.310184E1 -2.820671E-2 -2.562541E-1
3.311947E1 -2.642261E-2 -2.562934E-1
3.313711E1 -2.417774E-2 -2.564979E-1
3.315474E1 -2.262726E-2 -2.567997E-1
3.317238E1 -2.004737E-2 -2.570431E-1
3.319001E1 -1.750474E-2 -2.571581E-1
3.320765E1 -1.481047E-2 -2.572048E-1
3.322528E1 -1.197452E-2 -2.572885E-1
3.324292E1 -8.934417E-3 -2.573014E-1
3.326056E1 -5.748551E-3 -2.573084E-1
3.327819E1 -2.391823E-3 -2.573279E-1
3.329583E1 7.141782E-4 -2.573869E-1
3.331346E1 3.770020E-3 -2.573522E-1
3.333110E1 6.766364E-3 -2.572469E-1
3.334873E1 9.728532E-3 -2.572801E-1
3.336637E1 1.344017E-2 -2.567407E-1
3.338400E1 1.609975E-2 -2.566148E-1
3.340164E1 1.869751E-2 -2.565546E-1
3.341928E1 2.122086E-2 -2.564612E-1
3.343691E1 2.439868E-2 -2.560038E-1
3.345455E1 2.642793E-2 -2.560194E-1
3.347218E1 2.824236E-2 -2.559307E-1
3.348982E1 3.001185E-2 -2.557341E-1
3.350745E1 3.358373E-2 -2.553264E-1
3.352509E1 3.462407E-2 -2.552389E-1
3.354272E1 3.517715E-2 -2.551752E-1
3.356036E1 3.589176E-2 -2.551320E-1
3.357799E1 3.616768E-2 -2.551903E-1
3.359563E1 3.576648E-2 -2.551472E-1
3.361327E1 3.535679E-2 -2.552945E-1
3.363090E1 3.449686E-2 -2.553850E-1
3.364854E1 3.231808E-2 -2.559295E-1
3.366617E1 3.071543E-2 -2.561233E-1
3.368381E1 2.919863E-2 -2.560030E-1
3.370144E1 2.452935E-2 -2.566507E-1
3.371908E1 2.241018E-2 -2.568767E-1
3.373671E1 1.918041E-2 -2.570860E-1
3.375435E1 1.659516E-2 -2.574904E-1
3.377199E1 1.401480E-2 -2.575812E-1
3.378962E1 1.100106E-2 -2.576053E-1
3.380726E1 7.353792E-3 -2.579889E-1
3.382489E1 4.540655E-3 -2.580209E-1
3.384253E1 1.371629E-3 -2.581154E-1
3.386016E1 -1.609983E-3 -2.580458E-1
3.387780E1 -4.701439E-3 -2.580257E-1
3.389543E1 -7.778589E-3 -2.580557E-1
3.391307E1 -1.069085E-2 -2.578727E-1
3.393070E1 -1.333371E-2 -2.578714E-1
3.394834E1 -1.626076E-2 -2.576819E-1
3.396598E1 -1.829207E-2 -2.573411E-1
3.398361E1 -2.056328E-2 -2.571402E-1
3.400125E1 -2.296493E-2 -2.570120E-1
3.401888E1 -2.484681E-2 -2.568798E-1
3.403652E1 -2.645682E-2 -2.567821E-1
3.405415E1 -2.805711E-2 -2.566191E-1
3.407179E1 -2.862165E-2 -2.564232E-1
3.408942E1 -2.943760E-2 -2.562766E-1
3.410706E1 -3.016659E-2 -2.562094E-1
3.412470E1 -3.068155E-2 -2.560354E-1
3.414233E1 -3.067726E-2 -2.560427E-1
3.415997E1 -3.060665E-2 -2.560540E-1
3.417760E1 -3.005281E-2 -2.561601E-1
3.419524E1 -2.933578E-2 -2.561821E-1
3.421287E1 -2.849623E-2 -2.562293E-1
3.423051E1 -2.699743E-2 -2.562217E-1
3.424814E1 -2.546450E-2 -2.562364E-1
3.426578E1 -2.340720E-2 -2.564796E-1
3.428341E1 -2.134594E-2 -2.565454E-1
3.430105E1 -1.988295E-2 -2.566814E-1
3.431869E1 -1.721494E-2 -2.569334E-1
3.433632E1 -1.457735E-2 -2.571219E-1
3.435396E1 -1.176700E-2 -2.572481E-1
3.437159E1 -8.858291E-3 -2.572297E-1
3.438923E1 -5.921637E-3 -2.573415E-1
3.440686E1 -2.930025E-3 -2.572978E-1
3.442450E1 2.129181E-5 -2.572496E-1
3.444213E1 3.066847E-3 -2.573585E-1
3.445977E1 5.961339E-3 -2.572653E-1
3.447741E1 8.783818E-3 -2.573201E-1
3.449504E1 1.159403E-2 -2.573291E-1
3.451268E1 1.763863E-2 -2.566699E-1
3.453031E1 2.020560E-2 -2.565758E-1
3.454795E1 2.256246E-2 -2.563448E-1
3.456558E1 2.546696E-2 -2.561595E-1
3.458322E1 2.737356E-2 -2.561691E-1
3.460085E1 2.887021E-2 -2.559336E-1
3.461849E1 3.215499E-2 -2.556260E-1
3.463612E1 3.469037E-2 -2.554298E-1
3.465376E1 3.521221E-2 -2.552575E-1
3.467140E1 3.564581E-2 -2.552938E-1
3.468903E1 3.561394E-2 -2.552428E-1
3.470667E1 3.536568E-2 -2.552140E-1
3.472430E1 3.499421E-2 -2.552295E-1
3.474194E1 3.428649E-2 -2.553231E-1
3.475957E1 3.253444E-2 -2.556286E-1
3.477721E1 3.112887E-2 -2.559907E-1
3.479484E1 2.979283E-2 -2.561327E-1
3.481248E1 2.527152E-2 -2.566116E-1
3.483012E1 2.119309E-2 -2.568842E-1
3.484775E1 1.793307E-2 -2.573691E-1
3.486539E1 1.542833E-2 -2.574859E-1
3.488302E1 1.270889E-2 -2.574897E-1
3.490066E1 9.010429E-3 -2.580141E-1
3.491829E1 6.229908E-3 -2.580567E-1
3.493593E1 3.389953E-3 -2.580539E-1
3.495356E1 5.036970E-4 -2.581130E-1
3.497120E1 -2.541085E-3 -2.581677E-1
3.498883E1 -5.605130E-3 -2.580238E-1
3.500647E1 -8.395980E-3 -2.580416E-1
3.502411E1 -1.138214E-2 -2.578740E-1
3.504174E1 -1.415534E-2 -2.579170E-1
3.505938E1 -1.676820E-2 -2.577442E-1
3.507701E1 -1.851310E-2 -2.574091E-1
3.509465E1 -2.079101E-2 -2.572221E-1
3.511228E1 -2.288786E-2 -2.570691E-1
3.512992E1 -2.492160E-2 -2.568689E-1
3.514755E1 -2.628912E-2 -2.567641E-1
3.516519E1 -2.755053E-2 -2.567201E-1
3.518283E1 -2.852208E-2 -2.566693E-1
3.520046E1 -2.884930E-2 -2.564290E-1
3.521810E1 -2.911246E-2 -2.563633E-1
3.523573E1 -2.942244E-2 -2.562776E-1
3.525337E1 -2.944107E-2 -2.562351E-1
3.527100E1 -2.917364E-2 -2.562381E-1
3.528864E1 -2.863218E-2 -2.561880E-1
3.530627E1 -2.759329E-2 -2.562426E-1
3.532391E1 -2.655834E-2 -2.561946E-1
3.534155E1 -2.497493E-2 -2.563156E-1
3.535918E1 -2.328589E-2 -2.564672E-1
3.537682E1 -2.108603E-2 -2.565897E-1
3.539445E1 -1.951219E-2 -2.567962E-1
3.541209E1 -1.704713E-2 -2.569742E-1
3.542972E1 -1.454006E-2 -2.570539E-1
3.544736E1 -1.222745E-2 -2.570863E-1
3.546499E1 -9.347397E-3 -2.572566E-1
3.548263E1 -6.625515E-3 -2.572269E-1
3.550026E1 -3.518682E-3 -2.573504E-1
3.551790E1 -6.532949E-4 -2.573000E-1
3.553554E1 2.198701E-3 -2.573254E-1
3.555317E1 5.028791E-3 -2.571772E-1
3.557081E1 7.913930E-3 -2.572694E-1
3.558844E1 1.065263E-2 -2.571727E-1
3.560608E1 1.404282E-2 -2.568972E-1
3.562371E1 1.641752E-2 -2.567577E-1
3.564135E1 1.885198E-2 -2.565943E-1
3.565898E1 2.120567E-2 -2.564857E-1
3.567662E1 2.366279E-2 -2.563093E-1
3.569426E1 2.605729E-2 -2.561657E-1
3.571189E1 2.779037E-2 -2.560281E-1
3.572953E1 2.958003E-2 -2.559765E-1
3.574716E1 3.100245E-2 -2.558197E-1
3.576480E1 3.219864E-2 -2.558312E-1
3.578243E1 3.294244E-2 -2.558613E-1
3.580007E1 3.368710E-2 -2.558331E-1
3.581770E1 3.433710E-2 -2.557396E-1
3.583534E1 3.453739E-2 -2.558055E-1
3.585297E1 3.458023E-2 -2.558219E-1
3.587061E1 3.454928E-2 -2.558758E-1
3.588825E1 3.398380E-2 -2.561060E-1
3.590588E1 3.317515E-2 -2.561750E-1
3.592352E1 3.218588E-2 -2.562138E-1
3.594115E1 3.103093E-2 -2.562484E-1
3.595879E1 2.915761E-2 -2.563664E-1
3.597642E1 2.749933E-2 -2.566703E-1
3.599406E1 2.570415E-2 -2.569344E-1
3.601169E1 2.382211E-2 -2.569645E-1
3.602933E1 2.084973E-2 -2.571846E-1
3.604697E1 1.864466E-2 -2.575118E-1
3.606460E1 1.612852E-2 -2.575909E-1
3.608224E1 1.304386E-2 -2.579548E-1
3.609987E1 1.030185E-2 -2.581174E-1
3.611751E1 7.461618E-3 -2.581878E-1
3.613514E1 4.727622E-3 -2.582771E-1
3.615278E1 2.052098E-3 -2.582701E-1
3.617041E1 -9.317481E-4 -2.582859E-1
3.618805E1 -3.917165E-3 -2.581608E-1
3.620568E1 -6.876595E-3 -2.581203E-1
3.622332E1 -9.572356E-3 -2.580403E-1
3.624096E1 -1.217977E-2 -2.579277E-1
3.625859E1 -1.482317E-2 -2.577682E-1
3.627623E1 -1.719255E-2 -2.576237E-1
3.629386E1 -1.942018E-2 -2.576564E-1
3.631150E1 -2.080680E-2 -2.574107E-1
3.632913E1 -2.282025E-2 -2.571569E-1
3.634677E1 -2.424677E-2 -2.570708E-1
3.636440E1 -2.577506E-2 -2.569834E-1
3.638204E1 -2.678438E-2 -2.567443E-1
3.639968E1 -2.759705E-2 -2.567968E-1
3.641731E1 -2.837627E-2 -2.568343E-1
3.643495E1 -2.857369E-2 -2.567538E-1
3.645258E1 -2.859945E-2 -2.567896E-1
3.647022E1 -2.845494E-2 -2.568775E-1
3.648785E1 -2.794321E-2 -2.568718E-1
3.650549E1 -2.713648E-2 -2.569189E-1
3.652312E1 -2.597566E-2 -2.570272E-1
3.654076E1 -2.481607E-2 -2.570348E-1
3.655839E1 -2.326249E-2 -2.571748E-1
3.657603E1 -2.119832E-2 -2.572581E-1
3.659367E1 -1.921540E-2 -2.574603E-1
3.661130E1 -1.688836E-2 -2.573540E-1
3.662894E1 -1.021942E-2 -2.577577E-1
3.664657E1 -7.600044E-3 -2.580336E-1
3.666421E1 -4.887944E-3 -2.579249E-1
3.668184E1 -2.029492E-3 -2.580192E-1
3.669948E1 8.338382E-4 -2.578971E-1
3.671711E1 3.733219E-3 -2.580745E-1
3.673475E1 6.562396E-3 -2.580687E-1
3.675239E1 9.411429E-3 -2.579286E-1
3.677002E1 1.199033E-2 -2.578486E-1
3.678766E1 1.511248E-2 -2.575830E-1
3.680529E1 1.740955E-2 -2.576099E-1
3.682293E1 2.200012E-2 -2.572150E-1
3.684056E1 2.387174E-2 -2.572556E-1
3.685820E1 2.632249E-2 -2.570682E-1
3.687583E1 2.792725E-2 -2.567796E-1
3.689347E1 2.950440E-2 -2.565858E-1
3.691110E1 3.049008E-2 -2.565872E-1
3.692874E1 3.181708E-2 -2.564091E-1
3.694638E1 3.229971E-2 -2.565712E-1
3.696401E1 3.287202E-2 -2.565376E-1
3.698165E1 3.307675E-2 -2.565829E-1
3.699928E1 3.306547E-2 -2.566136E-1
3.701692E1 3.296225E-2 -2.566472E-1
3.703455E1 3.263820E-2 -2.567061E-1
3.705219E1 3.208905E-2 -2.568664E-1
3.706982E1 2.974680E-2 -2.571027E-1
3.708746E1 2.854906E-2 -2.570823E-1
3.710510E1 2.668364E-2 -2.572001E-1
3.712273E1 2.309431E-2 -2.576544E-1
3.714037E1 1.814210E-2 -2.580680E-1
3.715800E1 1.314218E-2 -2.584124E-1
3.717564E1 1.050472E-2 -2.585060E-1
3.719327E1 7.793087E-3 -2.583952E-1
3.721091E1 4.530700E-3 -2.585852E-1
3.722854E1 1.803426E-3 -2.587428E-1
3.724618E1 -1.017571E-3 -2.588877E-1
3.726381E1 -3.835006E-3 -2.588203E-1
3.728145E1 -6.722254E-3 -2.588470E-1
3.729909E1 -9.463181E-3 -2.587445E-1
3.731672E1 -1.447030E-2 -2.585404E-1
3.733436E1 -1.696994E-2 -2.584643E-1
3.735199E1 -1.926050E-2 -2.583934E-1
3.736963E1 -2.088484E-2 -2.581789E-1
3.738726E1 -2.284847E-2 -2.578873E-1
3.740490E1 -2.437912E-2 -2.577751E-1
3.742253E1 -2.591011E-2 -2.577091E-1
3.744017E1 -2.717445E-2 -2.576116E-1
3.745781E1 -2.779994E-2 -2.574985E-1
3.747544E1 -2.847289E-2 -2.575170E-1
3.749308E1 -2.838049E-2 -2.573212E-1
3.751071E1 -2.840938E-2 -2.572204E-1
3.752835E1 -2.828486E-2 -2.572378E-1
3.754598E1 -2.752598E-2 -2.571720E-1
3.756362E1 -2.692668E-2 -2.571816E-1
3.758125E1 -2.585299E-2 -2.572062E-1
3.759889E1 -2.431012E-2 -2.572979E-1
3.761652E1 -2.282840E-2 -2.573063E-1
3.763416E1 -2.094538E-2 -2.574291E-1
3.765180E1 -1.704526E-2 -2.576799E-1
3.766943E1 -1.453562E-2 -2.578516E-1
3.768707E1 -1.203972E-2 -2.579266E-1
3.770470E1 -9.536133E-3 -2.580762E-1
3.772234E1 -6.913261E-3 -2.581851E-1
3.773997E1 -4.191926E-3 -2.582763E-1
3.775761E1 -1.599002E-3 -2.581928E-1
3.777524E1 1.353036E-3 -2.581963E-1
3.779288E1 4.002873E-3 -2.581878E-1
3.781052E1 6.846405E-3 -2.580373E-1
3.782815E1 9.554989E-3 -2.580576E-1
3.784579E1 1.209310E-2 -2.579473E-1
3.786342E1 1.475280E-2 -2.578099E-1
3.788106E1 1.715712E-2 -2.575773E-1
3.789869E1 1.946037E-2 -2.573771E-1
3.791633E1 2.148778E-2 -2.573768E-1
3.793396E1 2.342129E-2 -2.572811E-1
3.795160E1 2.531313E-2 -2.571911E-1
3.796923E1 2.702011E-2 -2.571043E-1
3.798687E1 2.852729E-2 -2.567899E-1
3.800451E1 2.950307E-2 -2.567635E-1
3.802214E1 3.036549E-2 -2.567203E-1
3.803978E1 3.117380E-2 -2.566057E-1
3.805741E1 3.135665E-2 -2.565773E-1
3.807505E1 3.156117E-2 -2.566117E-1
3.809268E1 3.147973E-2 -2.566487E-1
3.811032E1 3.115298E-2 -2.567102E-1
3.812795E1 3.055547E-2 -2.569034E-1
3.814559E1 2.969211E-2 -2.569017E-1
3.816323E1 2.878181E-2 -2.569856E-1
3.818086E1 2.709490E-2 -2.571419E-1
3.819850E1 2.575426E-2 -2.572594E-1
3.821613E1 2.402088E-2 -2.576204E-1
3.823377E1 2.219012E-2 -2.577438E-1
3.825140E1 1.976091E-2 -2.579517E-1
3.826904E1 1.757282E-2 -2.581192E-1
3.828667E1 1.538342E-2 -2.582959E-1
3.830431E1 1.294167E-2 -2.584245E-1
3.832194E1 1.046480E-2 -2.584935E-1
3.833958E1 7.927744E-3 -2.584242E-1
3.835722E1 4.699595E-3 -2.586622E-1
3.837485E1 1.953129E-3 -2.587580E-1
3.839249E1 -7.392163E-4 -2.587480E-1
3.841012E1 -3.520736E-3 -2.588554E-1
3.842776E1 -6.126023E-3 -2.588245E-1
3.844539E1 -8.716879E-3 -2.586821E-1
3.846303E1 -1.128916E-2 -2.586431E-1
3.848066E1 -1.366740E-2 -2.585538E-1
3.849830E1 -1.598036E-2 -2.585493E-1
3.851594E1 -1.739346E-2 -2.581370E-1
3.853357E1 -1.970118E-2 -2.580103E-1
3.855121E1 -2.170518E-2 -2.579380E-1
3.856884E1 -2.332748E-2 -2.578822E-1
3.858648E1 -2.496469E-2 -2.577336E-1
3.860411E1 -2.589994E-2 -2.576025E-1
3.862175E1 -2.626531E-2 -2.573062E-1
3.863938E1 -2.727361E-2 -2.570833E-1
3.865702E1 -2.749777E-2 -2.571015E-1
3.867465E1 -2.687118E-2 -2.570609E-1
3.869229E1 -2.611230E-2 -2.570778E-1
3.870993E1 -2.516671E-2 -2.570748E-1
3.872756E1 -2.406851E-2 -2.570830E-1
3.874520E1 -2.053468E-2 -2.573127E-1
3.876283E1 -1.855750E-2 -2.573250E-1
3.878047E1 -1.631985E-2 -2.573517E-1
3.879810E1 -1.407826E-2 -2.573207E-1
3.881574E1 -1.156527E-2 -2.573078E-1
3.883337E1 -9.107608E-3 -2.573085E-1
3.885101E1 -6.462656E-3 -2.573267E-1
3.886865E1 -1.213414E-3 -2.573857E-1
3.888628E1 1.323514E-3 -2.573829E-1
3.890392E1 6.491688E-3 -2.573811E-1
3.892155E1 8.861386E-3 -2.573222E-1
3.893919E1 1.133232E-2 -2.572575E-1
3.895682E1 1.662241E-2 -2.566724E-1
3.897446E1 1.880679E-2 -2.567328E-1
3.899209E1 2.511047E-2 -2.559967E-1
3.900973E1 2.769797E-2 -2.559850E-1
3.902736E1 2.884917E-2 -2.559448E-1
3.904500E1 2.959871E-2 -2.559435E-1
3.906264E1 3.062109E-2 -2.559909E-1
3.908027E1 3.091437E-2 -2.558939E-1
3.909791E1 3.104276E-2 -2.559377E-1
3.911554E1 3.090495E-2 -2.559485E-1
3.913318E1 3.067952E-2 -2.560982E-1
3.915081E1 3.007773E-2 -2.560450E-1
3.916845E1 2.947060E-2 -2.561237E-1
3.918608E1 2.864917E-2 -2.561149E-1
3.920372E1 2.653905E-2 -2.566106E-1
3.922136E1 2.490474E-2 -2.567960E-1
3.923899E1 2.355422E-2 -2.567940E-1
3.925663E1 2.183221E-2 -2.568661E-1
3.927426E1 1.898030E-2 -2.573028E-1
3.929190E1 1.676145E-2 -2.573474E-1
3.930953E1 1.467763E-2 -2.575077E-1
3.932717E1 1.222142E-2 -2.576604E-1
3.934480E1 9.741372E-3 -2.576918E-1
3.936244E1 6.406795E-3 -2.579608E-1
3.938007E1 3.753680E-3 -2.580258E-1
3.939771E1 1.266720E-3 -2.580869E-1
3.941535E1 -1.240669E-3 -2.580974E-1
3.943298E1 -3.919628E-3 -2.580298E-1
3.945062E1 -6.483047E-3 -2.579680E-1
3.946825E1 -9.012612E-3 -2.579091E-1
3.948589E1 -1.134318E-2 -2.578502E-1
3.950352E1 -1.529876E-2 -2.574600E-1
3.952116E1 -1.746284E-2 -2.573558E-1
3.953879E1 -2.125785E-2 -2.570043E-1
3.955643E1 -2.266729E-2 -2.570029E-1
3.957407E1 -2.388313E-2 -2.568842E-1
3.959170E1 -2.488939E-2 -2.567877E-1
3.960934E1 -2.604116E-2 -2.567110E-1
3.962697E1 -2.633768E-2 -2.567367E-1
3.964461E1 -2.641293E-2 -2.567458E-1
3.966224E1 -2.614695E-2 -2.568418E-1
3.967988E1 -2.593796E-2 -2.569327E-1
3.969751E1 -2.525723E-2 -2.569261E-1
3.971515E1 -2.426127E-2 -2.570510E-1
3.973278E1 -2.328611E-2 -2.571605E-1
3.975042E1 -2.032914E-2 -2.572193E-1
3.976806E1 -1.853859E-2 -2.572502E-1
3.978569E1 -1.663219E-2 -2.573388E-1
3.980333E1 -1.478065E-2 -2.572657E-1
3.982096E1 -1.230911E-2 -2.572783E-1
3.983860E1 -9.762084E-3 -2.573141E-1
3.985623E1 -7.286097E-3 -2.573245E-1
3.987387E1 -4.763546E-3 -2.573413E-1
3.989150E1 -2.095204E-3 -2.573763E-1
3.990914E1 5.793451E-4 -2.574138E-1
3.992678E1 3.045907E-3 -2.573578E-1
3.994441E1 5.477877E-3 -2.573341E-1
3.996205E1 7.934147E-3 -2.573251E-1
3.997968E1 1.035340E-2 -2.572243E-1
3.999732E1 1.363157E-2 -2.567493E-1
4.001495E1 1.553272E-2 -2.566898E-1
4.003259E1 1.760099E-2 -2.565200E-1
4.005022E1 1.963390E-2 -2.565494E-1
4.006786E1 2.146181E-2 -2.566317E-1
4.008549E1 2.394871E-2 -2.561573E-1
4.010313E1 2.528100E-2 -2.559539E-1
4.012077E1 2.651148E-2 -2.560030E-1
4.013840E1 2.761192E-2 -2.558817E-1
4.015604E1 2.872025E-2 -2.559162E-1
4.017367E1 2.942344E-2 -2.558745E-1
4.019131E1 2.981890E-2 -2.559791E-1
4.020894E1 3.007052E-2 -2.558858E-1
4.022658E1 3.034837E-2 -2.559697E-1
4.024421E1 3.038189E-2 -2.559729E-1
4.026185E1 3.015702E-2 -2.559737E-1
4.027949E1 2.973669E-2 -2.560236E-1
4.029712E1 2.906495E-2 -2.561649E-1
4.031476E1 2.809749E-2 -2.561189E-1
4.033239E1 2.628496E-2 -2.564665E-1
4.035003E1 2.475480E-2 -2.567386E-1
4.036766E1 2.324027E-2 -2.568599E-1
4.038530E1 2.165347E-2 -2.567785E-1
4.040293E1 1.894253E-2 -2.573222E-1
4.042057E1 1.709787E-2 -2.573790E-1
4.043820E1 1.502925E-2 -2.574156E-1
4.045584E1 1.285965E-2 -2.575755E-1
4.047348E1 9.680303E-3 -2.579269E-1
4.049111E1 7.194757E-3 -2.580411E-1
4.050875E1 4.890017E-3 -2.581583E-1
4.052638E1 2.383628E-3 -2.582290E-1
4.054402E1 -1.815355E-4 -2.581824E-1
4.056165E1 -2.824223E-3 -2.580936E-1
4.057929E1 -5.471073E-3 -2.580153E-1
4.059692E1 -7.763994E-3 -2.580300E-1
4.061456E1 -1.026563E-2 -2.579862E-1
4.063220E1 -1.248854E-2 -2.578946E-1
4.064983E1 -1.490380E-2 -2.577425E-1
4.066747E1 -1.804725E-2 -2.573673E-1
4.068510E1 -1.963216E-2 -2.571899E-1
4.070274E1 -2.126770E-2 -2.570739E-1
4.072037E1 -2.249863E-2 -2.570611E-1
4.073801E1 -2.351380E-2 -2.570211E-1
4.075564E1 -2.432932E-2 -2.569557E-1
4.077328E1 -2.506128E-2 -2.568887E-1
4.079091E1 -2.557323E-2 -2.567914E-1
4.080855E1 -2.564420E-2 -2.568183E-1
4.082619E1 -2.558590E-2 -2.568421E-1
4.084382E1 -2.535726E-2 -2.568772E-1
4.086146E1 -2.476433E-2 -2.568995E-1
4.087909E1 -2.378464E-2 -2.569598E-1
4.089673E1 -2.277825E-2 -2.570297E-1
4.091436E1 -2.135029E-2 -2.570451E-1
4.093200E1 -1.992500E-2 -2.570817E-1
4.094963E1 -1.823930E-2 -2.571644E-1
