0.000000E0 8.405989E-2 -1.342649E-1
1.695868E-2 8.168059E-2 -1.359391E-1
3.391735E-2 7.778180E-2 -1.372645E-1
5.087603E-2 7.455223E-2 -1.396092E-1
6.783471E-2 7.047957E-2 -1.416097E-1
8.479338E-2 6.368344E-2 -1.461276E-1
1.017521E-1 5.668641E-2 -1.485681E-1
1.187107E-1 4.630631E-2 -1.509396E-1
1.356694E-1 3.647632E-2 -1.532007E-1
1.526281E-1 2.754847E-2 -1.558860E-1
1.695868E-1 1.750093E-2 -1.580501E-1
1.865454E-1 7.079937E-3 -1.584873E-1
2.035041E-1 -4.691401E-3 -1.581602E-1
2.204628E-1 -1.769300E-2 -1.567175E-1
2.374215E-1 -2.737176E-2 -1.557474E-1
2.543801E-1 -3.695775E-2 -1.541335E-1
2.713388E-1 -4.575420E-2 -1.515588E-1
2.882975E-1 -5.360306E-2 -1.483196E-1
3.052562E-1 -6.114698E-2 -1.449906E-1
3.222149E-1 -6.722352E-2 -1.425873E-1
3.391735E-1 -7.202068E-2 -1.408604E-1
3.561322E-1 -7.476853E-2 -1.388856E-1
3.730909E-1 -7.694813E-2 -1.375988E-1
3.900496E-1 -7.803522E-2 -1.369427E-1
4.070082E-1 -7.627282E-2 -1.383136E-1
4.239669E-1 -7.302553E-2 -1.396875E-1
4.409256E-1 -6.466175E-2 -1.433703E-1
4.578843E-1 -5.863483E-2 -1.459604E-1
4.748429E-1 -4.213377E-2 -1.520910E-1
4.918016E-1 -3.297006E-2 -1.541233E-1
5.087603E-1 -2.235194E-2 -1.556017E-1
5.257190E-1 -1.211224E-2 -1.567872E-1
5.426776E-1 -6.019986E-4 -1.573655E-1
5.596363E-1 1.051606E-2 -1.568180E-1
5.765950E-1 2.102796E-2 -1.554366E-1
5.935537E-1 3.172205E-2 -1.541334E-1
6.105123E-1 4.139278E-2 -1.518442E-1
6.274710E-1 4.979358E-2 -1.491173E-1
6.444297E-1 5.831266E-2 -1.462758E-1
6.613884E-1 6.424171E-2 -1.434727E-1
6.783471E-1 7.024516E-2 -1.411791E-1
6.953057E-1 7.391270E-2 -1.390967E-1
7.122644E-1 7.669439E-2 -1.374904E-1
7.292231E-1 7.917484E-2 -1.362137E-1
7.461818E-1 7.942574E-2 -1.359939E-1
7.631404E-1 7.679218E-2 -1.375185E-1
7.800991E-1 7.379730E-2 -1.391644E-1
7.970578E-1 7.045885E-2 -1.411879E-1
8.140165E-1 6.455194E-2 -1.435422E-1
8.309751E-1 5.758570E-2 -1.466228E-1
8.479338E-1 4.980822E-2 -1.490591E-1
8.648925E-1 4.199318E-2 -1.518427E-1
8.818512E-1 3.256057E-2 -1.542047E-1
8.988098E-1 2.300906E-2 -1.557630E-1
9.157685E-1 1.189851E-2 -1.568505E-1
9.327272E-1 1.641726E-3 -1.573002E-1
9.496859E-1 -8.669640E-3 -1.572289E-1
9.666446E-1 -1.911626E-2 -1.564084E-1
9.836032E-1 -2.956438E-2 -1.547991E-1
1.000562E0 -3.831318E-2 -1.527989E-1
1.017521E0 -4.691289E-2 -1.502600E-1
1.034479E0 -5.450441E-2 -1.476321E-1
1.051438E0 -6.113691E-2 -1.449875E-1
1.068397E0 -6.563517E-2 -1.431731E-1
1.085355E0 -7.048412E-2 -1.406733E-1
1.102314E0 -7.259858E-2 -1.398133E-1
1.119273E0 -7.429388E-2 -1.390313E-1
1.136231E0 -7.473359E-2 -1.387664E-1
1.153190E0 -7.428087E-2 -1.390422E-1
1.170149E0 -7.256579E-2 -1.399733E-1
1.187107E0 -6.959437E-2 -1.418979E-1
1.204066E0 -6.560757E-2 -1.433189E-1
1.221025E0 -5.996729E-2 -1.459890E-1
1.237983E0 -5.321722E-2 -1.486029E-1
1.254942E0 -4.543885E-2 -1.511906E-1
1.271901E0 -3.759501E-2 -1.530688E-1
1.288859E0 -2.892246E-2 -1.547520E-1
1.305818E0 -1.827455E-2 -1.565535E-1
1.322777E0 -7.551554E-3 -1.573465E-1
1.339735E0 2.870495E-3 -1.575712E-1
1.356694E0 1.355194E-2 -1.568892E-1
1.373653E0 2.416474E-2 -1.556797E-1
1.390611E0 3.346158E-2 -1.543662E-1
1.407570E0 4.308417E-2 -1.519841E-1
1.424529E0 5.051266E-2 -1.493463E-1
1.441487E0 5.858230E-2 -1.470089E-1
1.458446E0 6.397221E-2 -1.444644E-1
1.475405E0 6.898406E-2 -1.420498E-1
1.492364E0 7.305109E-2 -1.403376E-1
1.509322E0 7.450443E-2 -1.390943E-1
1.526281E0 7.614606E-2 -1.383143E-1
1.543240E0 7.619976E-2 -1.382952E-1
1.560198E0 7.594491E-2 -1.386848E-1
1.577157E0 7.295452E-2 -1.399935E-1
1.594116E0 7.064551E-2 -1.414459E-1
1.611074E0 6.540241E-2 -1.434296E-1
1.628033E0 5.988317E-2 -1.458584E-1
1.644992E0 5.361700E-2 -1.483207E-1
1.661950E0 4.555685E-2 -1.508264E-1
1.678909E0 3.740458E-2 -1.532733E-1
1.695868E0 2.794819E-2 -1.551495E-1
1.712826E0 1.897102E-2 -1.566024E-1
1.729785E0 8.865899E-3 -1.575195E-1
1.746744E0 -1.827044E-3 -1.574514E-1
1.763702E0 -1.155314E-2 -1.573140E-1
1.780661E0 -2.245983E-2 -1.558214E-1
1.797620E0 -3.104227E-2 -1.545884E-1
1.814578E0 -4.026218E-2 -1.521761E-1
1.831537E0 -4.737974E-2 -1.503077E-1
1.848496E0 -5.440157E-2 -1.475507E-1
1.865454E0 -6.037704E-2 -1.450527E-1
1.882413E0 -6.488557E-2 -1.433762E-1
1.899372E0 -6.841243E-2 -1.417131E-1
1.916330E0 -7.060336E-2 -1.405753E-1
1.933289E0 -7.226044E-2 -1.397676E-1
1.950248E0 -7.230838E-2 -1.397797E-1
1.967206E0 -7.169363E-2 -1.401283E-1
1.984165E0 -6.888360E-2 -1.414561E-1
2.001124E0 -6.553968E-2 -1.431573E-1
2.018082E0 -6.126052E-2 -1.449889E-1
2.035041E0 -5.531302E-2 -1.475395E-1
2.052000E0 -4.810962E-2 -1.503303E-1
2.068959E0 -4.102120E-2 -1.520942E-1
2.085917E0 -3.183026E-2 -1.545953E-1
2.102876E0 -2.183287E-2 -1.564118E-1
2.119835E0 -1.223442E-2 -1.573684E-1
2.136793E0 -2.988586E-3 -1.575966E-1
2.153752E0 7.911786E-3 -1.576220E-1
2.170711E0 1.797480E-2 -1.567618E-1
2.187669E0 2.727274E-2 -1.553784E-1
2.204628E0 3.634620E-2 -1.538442E-1
2.221587E0 4.343569E-2 -1.517386E-1
2.238545E0 5.086431E-2 -1.492878E-1
2.255504E0 5.621895E-2 -1.475836E-1
2.272463E0 6.224677E-2 -1.452105E-1
2.289421E0 6.578349E-2 -1.434475E-1
2.306380E0 6.949951E-2 -1.418013E-1
2.323339E0 7.153943E-2 -1.410894E-1
2.340297E0 7.127830E-2 -1.408355E-1
2.357256E0 7.132002E-2 -1.408653E-1
2.374215E0 6.954003E-2 -1.415976E-1
2.391173E0 6.697478E-2 -1.425638E-1
2.408132E0 6.350645E-2 -1.442610E-1
2.425091E0 5.964389E-2 -1.461481E-1
2.442049E0 5.337223E-2 -1.483942E-1
2.459008E0 4.686992E-2 -1.502984E-1
2.475967E0 3.890060E-2 -1.525700E-1
2.492925E0 3.071191E-2 -1.544653E-1
2.509884E0 2.231546E-2 -1.558134E-1
2.526843E0 1.221090E-2 -1.567535E-1
2.543801E0 3.187354E-3 -1.573085E-1
2.560760E0 -6.408821E-3 -1.573161E-1
2.577719E0 -2.501746E-2 -1.554757E-1
2.594677E0 -3.397014E-2 -1.536535E-1
2.611636E0 -4.262782E-2 -1.512415E-1
2.628595E0 -4.925071E-2 -1.492375E-1
2.645554E0 -6.043401E-2 -1.449747E-1
2.662512E0 -6.439763E-2 -1.434678E-1
2.679471E0 -6.753957E-2 -1.420151E-1
2.696430E0 -6.921468E-2 -1.410295E-1
2.713388E0 -6.952362E-2 -1.410823E-1
2.730347E0 -6.940960E-2 -1.410703E-1
2.747306E0 -6.535482E-2 -1.429405E-1
2.764264E0 -6.142950E-2 -1.443301E-1
2.781223E0 -5.615370E-2 -1.466811E-1
2.798182E0 -5.069694E-2 -1.488131E-1
2.815140E0 -4.318623E-2 -1.511999E-1
2.832099E0 -3.553717E-2 -1.531574E-1
2.849058E0 -2.708743E-2 -1.548396E-1
2.866016E0 -1.673012E-2 -1.564383E-1
2.882975E0 -7.083069E-3 -1.572892E-1
2.899934E0 2.553012E-3 -1.574398E-1
2.916892E0 1.154694E-2 -1.570254E-1
2.933851E0 2.079136E-2 -1.559448E-1
2.950810E0 3.043245E-2 -1.549849E-1
2.967768E0 3.863609E-2 -1.533866E-1
2.984727E0 4.678514E-2 -1.512317E-1
3.001686E0 5.277347E-2 -1.489443E-1
3.018644E0 5.871398E-2 -1.469981E-1
3.035603E0 6.261686E-2 -1.451304E-1
3.052562E0 6.619122E-2 -1.435535E-1
3.069520E0 6.786561E-2 -1.425577E-1
3.086479E0 6.963401E-2 -1.418946E-1
3.103438E0 6.976028E-2 -1.418598E-1
3.120396E0 6.932613E-2 -1.419022E-1
3.137355E0 6.745184E-2 -1.428262E-1
3.154314E0 6.406225E-2 -1.443344E-1
3.171272E0 6.000354E-2 -1.460479E-1
3.188231E0 5.519177E-2 -1.479828E-1
3.205190E0 4.844320E-2 -1.499016E-1
3.222149E0 4.167872E-2 -1.519738E-1
3.239107E0 3.366450E-2 -1.538790E-1
3.256066E0 2.514915E-2 -1.551239E-1
3.273025E0 1.680649E-2 -1.565869E-1
3.289983E0 7.680704E-3 -1.572807E-1
3.306942E0 -1.986199E-3 -1.573817E-1
3.323901E0 -1.070933E-2 -1.572340E-1
3.340859E0 -2.898759E-2 -1.545871E-1
3.357818E0 -3.693576E-2 -1.529400E-1
3.374777E0 -4.391896E-2 -1.511250E-1
3.391735E0 -5.069620E-2 -1.488844E-1
3.408694E0 -5.571516E-2 -1.469031E-1
3.425653E0 -5.989810E-2 -1.450782E-1
3.442611E0 -6.342313E-2 -1.437450E-1
3.459570E0 -6.565435E-2 -1.424718E-1
3.476529E0 -6.703386E-2 -1.421227E-1
3.493487E0 -6.565723E-2 -1.423350E-1
3.510446E0 -6.353420E-2 -1.434626E-1
3.527405E0 -5.987313E-2 -1.449763E-1
3.544363E0 -5.565813E-2 -1.467505E-1
3.561322E0 -5.054535E-2 -1.486303E-1
3.578281E0 -4.438844E-2 -1.504245E-1
3.595239E0 -3.757751E-2 -1.523028E-1
3.612198E0 -2.886784E-2 -1.544566E-1
3.629157E0 -2.062255E-2 -1.556396E-1
3.646115E0 -1.196546E-2 -1.565923E-1
3.663074E0 -2.055729E-3 -1.573140E-1
3.680033E0 7.492706E-3 -1.573617E-1
3.696991E0 1.646168E-2 -1.567599E-1
3.713950E0 2.505610E-2 -1.555938E-1
3.730909E0 3.334829E-2 -1.543282E-1
3.747867E0 4.081672E-2 -1.526575E-1
3.764826E0 4.653564E-2 -1.509041E-1
3.781785E0 5.309874E-2 -1.487354E-1
3.798743E0 5.644998E-2 -1.475019E-1
3.815702E0 6.049985E-2 -1.459344E-1
3.832661E0 6.404866E-2 -1.445738E-1
3.849620E0 6.573988E-2 -1.437813E-1
3.866578E0 6.534611E-2 -1.435071E-1
3.883537E0 6.354554E-2 -1.441993E-1
3.900496E0 6.168481E-2 -1.451375E-1
3.917454E0 5.793310E-2 -1.467673E-1
3.934413E0 5.351603E-2 -1.482649E-1
3.951372E0 4.786050E-2 -1.501043E-1
3.968330E0 4.155105E-2 -1.518212E-1
3.985289E0 3.436033E-2 -1.537132E-1
4.002248E0 2.690945E-2 -1.550482E-1
4.019206E0 1.835346E-2 -1.560989E-1
4.036165E0 9.864156E-3 -1.568808E-1
4.053124E0 1.630545E-3 -1.572960E-1
4.070082E0 -7.140581E-3 -1.572318E-1
4.087041E0 -1.608706E-2 -1.563653E-1
4.104000E0 -2.422057E-2 -1.554826E-1
4.120958E0 -3.252413E-2 -1.538391E-1
4.137917E0 -3.972838E-2 -1.522353E-1
4.154876E0 -4.585433E-2 -1.501227E-1
4.171834E0 -5.144827E-2 -1.485028E-1
4.188793E0 -5.593629E-2 -1.468403E-1
4.205752E0 -5.951640E-2 -1.450259E-1
4.222710E0 -6.203577E-2 -1.440400E-1
4.239669E0 -6.355137E-2 -1.435513E-1
4.256628E0 -6.380859E-2 -1.431760E-1
4.273586E0 -6.346748E-2 -1.434723E-1
4.290545E0 -6.166355E-2 -1.441897E-1
4.307504E0 -5.904021E-2 -1.451553E-1
4.324462E0 -5.510739E-2 -1.469402E-1
4.341421E0 -5.026358E-2 -1.484504E-1
4.358380E0 -4.447299E-2 -1.503885E-1
4.375338E0 -3.811070E-2 -1.522680E-1
4.392297E0 -3.069983E-2 -1.537559E-1
4.409256E0 -2.229710E-2 -1.554301E-1
4.426215E0 -1.393365E-2 -1.565311E-1
4.443173E0 -4.835961E-3 -1.573458E-1
4.460132E0 3.941291E-3 -1.574302E-1
4.477091E0 1.208082E-2 -1.570696E-1
4.494049E0 2.061584E-2 -1.560720E-1
4.511008E0 2.913342E-2 -1.550880E-1
4.527967E0 3.696611E-2 -1.536884E-1
4.544925E0 4.326467E-2 -1.518346E-1
4.561884E0 4.898763E-2 -1.501401E-1
4.578843E0 5.391903E-2 -1.484042E-1
4.595801E0 5.686049E-2 -1.475195E-1
4.612760E0 6.063091E-2 -1.460875E-1
4.629719E0 6.227899E-2 -1.452314E-1
4.646677E0 6.358779E-2 -1.445385E-1
4.663636E0 6.359892E-2 -1.444777E-1
4.680595E0 6.202006E-2 -1.450273E-1
4.697553E0 6.003846E-2 -1.458881E-1
4.714512E0 5.765846E-2 -1.469746E-1
4.731471E0 5.314457E-2 -1.483113E-1
4.748429E0 4.805771E-2 -1.500227E-1
4.765388E0 3.656396E-2 -1.534351E-1
4.782347E0 2.929985E-2 -1.550077E-1
4.799305E0 2.143750E-2 -1.559286E-1
4.816264E0 1.282153E-2 -1.567575E-1
4.833223E0 4.678583E-3 -1.574116E-1
4.850181E0 -3.877305E-3 -1.573829E-1
4.867140E0 -1.274770E-2 -1.566362E-1
4.884099E0 -2.099568E-2 -1.557254E-1
4.901057E0 -2.838317E-2 -1.546180E-1
4.918016E0 -3.572425E-2 -1.528378E-1
4.934975E0 -4.201450E-2 -1.512454E-1
4.951933E0 -4.756706E-2 -1.493145E-1
4.968892E0 -5.260569E-2 -1.480024E-1
4.985851E0 -5.620528E-2 -1.461099E-1
5.002810E0 -5.889272E-2 -1.450418E-1
5.019768E0 -6.069876E-2 -1.442618E-1
5.036727E0 -6.124851E-2 -1.439982E-1
5.053686E0 -6.024175E-2 -1.445711E-1
5.070644E0 -5.783676E-2 -1.451654E-1
5.087603E0 -5.427022E-2 -1.468731E-1
5.104562E0 -4.520625E-2 -1.496505E-1
5.121520E0 -3.937278E-2 -1.514153E-1
5.138479E0 -2.508476E-2 -1.547345E-1
5.155438E0 -1.704091E-2 -1.557444E-1
5.172396E0 -8.714525E-3 -1.565877E-1
5.189355E0 -8.607145E-4 -1.568661E-1
5.206314E0 7.304658E-3 -1.568051E-1
5.223272E0 1.642371E-2 -1.565200E-1
5.240231E0 2.377954E-2 -1.553909E-1
5.257190E0 3.035713E-2 -1.546550E-1
5.274148E0 3.641100E-2 -1.533513E-1
5.291107E0 4.219178E-2 -1.517731E-1
5.308066E0 4.736598E-2 -1.501481E-1
5.325024E0 5.196278E-2 -1.485108E-1
5.341983E0 5.477057E-2 -1.477975E-1
5.358942E0 5.723617E-2 -1.468860E-1
5.375900E0 5.852042E-2 -1.461513E-1
5.392859E0 5.864454E-2 -1.459909E-1
5.409818E0 5.839119E-2 -1.460527E-1
5.426776E0 5.662987E-2 -1.467830E-1
5.443735E0 5.418166E-2 -1.478065E-1
5.460694E0 5.104673E-2 -1.485791E-1
5.477652E0 4.620940E-2 -1.501189E-1
5.494611E0 4.088060E-2 -1.516649E-1
5.511570E0 3.538869E-2 -1.532350E-1
5.528528E0 2.229933E-2 -1.558180E-1
5.545487E0 1.451221E-2 -1.566476E-1
5.562446E0 6.959731E-3 -1.574113E-1
5.579405E0 -1.249788E-3 -1.573956E-1
5.596363E0 -8.906333E-3 -1.572923E-1
5.613322E0 -1.700250E-2 -1.563817E-1
5.630281E0 -2.437490E-2 -1.555813E-1
5.647239E0 -3.182296E-2 -1.540846E-1
5.664198E0 -3.766658E-2 -1.527210E-1
5.681157E0 -4.325758E-2 -1.511490E-1
5.698115E0 -4.811638E-2 -1.493938E-1
5.715074E0 -5.232392E-2 -1.478646E-1
5.732033E0 -5.562104E-2 -1.463855E-1
5.748991E0 -5.838172E-2 -1.451912E-1
5.765950E0 -5.833275E-2 -1.451948E-1
5.782909E0 -5.269942E-2 -1.469287E-1
5.799867E0 -4.356307E-2 -1.501908E-1
5.816826E0 -3.791981E-2 -1.520225E-1
5.833785E0 -2.543328E-2 -1.546424E-1
5.850743E0 -1.781279E-2 -1.557278E-1
5.867702E0 -1.445419E-3 -1.573545E-1
5.884661E0 6.952471E-3 -1.573616E-1
5.901619E0 2.115075E-2 -1.560961E-1
5.918578E0 2.842525E-2 -1.550962E-1
5.935537E0 3.547396E-2 -1.542316E-1
5.952495E0 4.179529E-2 -1.526883E-1
5.969454E0 4.630989E-2 -1.511656E-1
5.986413E0 5.349052E-2 -1.484814E-1
6.003371E0 5.585414E-2 -1.478374E-1
6.020330E0 5.765622E-2 -1.469113E-1
6.037289E0 5.582823E-2 -1.475288E-1
6.054247E0 5.420655E-2 -1.480907E-1
6.071206E0 5.037591E-2 -1.490968E-1
6.088165E0 4.696496E-2 -1.504505E-1
6.105123E0 4.192654E-2 -1.518031E-1
6.122082E0 3.707924E-2 -1.533331E-1
6.139041E0 3.089453E-2 -1.549328E-1
6.156000E0 2.425950E-2 -1.558731E-1
6.172958E0 1.654581E-2 -1.568254E-1
6.189917E0 9.580918E-3 -1.575115E-1
6.206876E0 1.246132E-3 -1.575717E-1
6.223834E0 -6.314120E-3 -1.574254E-1
6.240793E0 -1.430699E-2 -1.567801E-1
6.257752E0 -2.159034E-2 -1.556389E-1
6.274710E0 -2.829709E-2 -1.546042E-1
6.291669E0 -3.489196E-2 -1.529668E-1
6.308628E0 -4.067938E-2 -1.517081E-1
6.325586E0 -4.918260E-2 -1.486463E-1
6.342545E0 -5.194038E-2 -1.474638E-1
6.359504E0 -5.403096E-2 -1.467309E-1
6.376462E0 -5.541532E-2 -1.459777E-1
6.393421E0 -5.557495E-2 -1.459368E-1
6.410380E0 -5.515549E-2 -1.462095E-1
6.427338E0 -5.313871E-2 -1.468615E-1
6.444297E0 -5.065284E-2 -1.477334E-1
6.461256E0 -4.743635E-2 -1.488892E-1
6.478214E0 -4.272064E-2 -1.502378E-1
6.495173E0 -3.825167E-2 -1.513882E-1
6.512132E0 -3.221938E-2 -1.528919E-1
6.529090E0 -2.561257E-2 -1.545680E-1
6.546049E0 -1.855623E-2 -1.557275E-1
6.563008E0 -1.107862E-2 -1.565056E-1
6.579966E0 -3.212487E-3 -1.573609E-1
6.596925E0 4.390923E-3 -1.573747E-1
6.613884E0 1.256511E-2 -1.574127E-1
6.630842E0 1.946683E-2 -1.567217E-1
6.647801E0 2.611873E-2 -1.557819E-1
6.664760E0 3.266793E-2 -1.552465E-1
6.681718E0 3.906404E-2 -1.537726E-1
6.698677E0 4.393969E-2 -1.522610E-1
6.715636E0 4.711176E-2 -1.508972E-1
6.732594E0 5.136016E-2 -1.495499E-1
6.749553E0 5.370816E-2 -1.485639E-1
6.766512E0 5.502119E-2 -1.480251E-1
6.783471E0 5.541991E-2 -1.478664E-1
6.800429E0 5.527718E-2 -1.478212E-1
6.817388E0 5.446168E-2 -1.479309E-1
6.834347E0 5.245772E-2 -1.485049E-1
6.851305E0 4.993897E-2 -1.494419E-1
6.868264E0 4.616781E-2 -1.508119E-1
6.885223E0 4.182432E-2 -1.520903E-1
6.902181E0 3.725907E-2 -1.533869E-1
6.919140E0 3.105755E-2 -1.548570E-1
6.936099E0 2.499615E-2 -1.558663E-1
6.953057E0 1.767851E-2 -1.567572E-1
6.970016E0 1.083284E-2 -1.574516E-1
6.986975E0 3.025974E-3 -1.575848E-1
7.003933E0 -4.482805E-3 -1.574048E-1
7.020892E0 -1.108561E-2 -1.572023E-1
7.037851E0 -1.824750E-2 -1.564520E-1
7.054809E0 -2.472026E-2 -1.554521E-1
7.071768E0 -3.178518E-2 -1.539315E-1
7.088727E0 -3.755230E-2 -1.521747E-1
7.105685E0 -4.180269E-2 -1.510127E-1
7.122644E0 -4.604292E-2 -1.494820E-1
7.139603E0 -4.912454E-2 -1.485849E-1
7.156561E0 -5.116850E-2 -1.475766E-1
7.173520E0 -5.272283E-2 -1.468392E-1
7.190479E0 -5.297753E-2 -1.468111E-1
7.207437E0 -5.285055E-2 -1.468011E-1
7.224396E0 -5.117549E-2 -1.474834E-1
7.241355E0 -4.953119E-2 -1.479091E-1
7.258313E0 -4.664363E-2 -1.490033E-1
7.275272E0 -4.191100E-2 -1.503432E-1
7.292231E0 -3.787222E-2 -1.514869E-1
7.309189E0 -3.176628E-2 -1.530004E-1
7.326148E0 -2.551988E-2 -1.544792E-1
7.343107E0 -1.892632E-2 -1.555547E-1
7.360066E0 -1.174191E-2 -1.566159E-1
7.377024E0 -4.060240E-3 -1.573381E-1
7.393983E0 2.762359E-3 -1.574541E-1
7.410942E0 1.042151E-2 -1.574721E-1
7.427900E0 1.694645E-2 -1.567843E-1
7.444859E0 2.328769E-2 -1.559601E-1
7.461818E0 2.960174E-2 -1.551418E-1
7.478776E0 3.587323E-2 -1.543306E-1
7.495735E0 4.144800E-2 -1.528628E-1
7.512694E0 4.433580E-2 -1.517672E-1
7.529652E0 4.635472E-2 -1.508125E-1
7.546611E0 4.848604E-2 -1.500250E-1
7.563570E0 5.044247E-2 -1.492960E-1
7.580528E0 5.165747E-2 -1.488556E-1
7.597487E0 5.168826E-2 -1.486577E-1
7.614446E0 5.107612E-2 -1.487345E-1
7.631404E0 4.931213E-2 -1.493330E-1
7.648363E0 4.671904E-2 -1.501980E-1
7.665322E0 4.360456E-2 -1.512459E-1
7.682280E0 3.965053E-2 -1.524028E-1
7.699239E0 3.508919E-2 -1.536724E-1
7.716198E0 2.930907E-2 -1.547540E-1
7.733156E0 2.330311E-2 -1.554654E-1
7.750115E0 1.761513E-2 -1.565041E-1
7.767074E0 1.035357E-2 -1.569824E-1
7.784032E0 3.643919E-3 -1.573990E-1
7.800991E0 -3.192287E-3 -1.573668E-1
7.817950E0 -9.561304E-3 -1.571949E-1
7.834908E0 -1.634579E-2 -1.564580E-1
7.851867E0 -2.280784E-2 -1.556792E-1
7.868826E0 -2.844243E-2 -1.545815E-1
7.885784E0 -3.426901E-2 -1.529580E-1
7.902743E0 -3.858484E-2 -1.519600E-1
7.919702E0 -4.275800E-2 -1.503731E-1
7.936661E0 -4.595920E-2 -1.492439E-1
7.953619E0 -4.825857E-2 -1.486611E-1
7.970578E0 -4.987027E-2 -1.480114E-1
7.987537E0 -5.005109E-2 -1.480024E-1
8.004495E0 -4.983728E-2 -1.479270E-1
8.021454E0 -4.892380E-2 -1.481444E-1
8.038413E0 -4.664453E-2 -1.489286E-1
8.055371E0 -4.369558E-2 -1.495827E-1
8.072330E0 -4.040319E-2 -1.506548E-1
8.089289E0 -3.542489E-2 -1.521222E-1
8.106247E0 -3.055760E-2 -1.530621E-1
8.123206E0 -2.451993E-2 -1.546551E-1
8.140165E0 -1.826739E-2 -1.556252E-1
8.157123E0 -1.162131E-2 -1.565844E-1
8.174082E0 -4.435667E-3 -1.572369E-1
8.191041E0 1.857641E-3 -1.574860E-1
8.207999E0 8.877959E-3 -1.574750E-1
8.224958E0 1.507755E-2 -1.570350E-1
8.241917E0 2.282530E-2 -1.565614E-1
8.258875E0 2.761114E-2 -1.554549E-1
8.275834E0 3.401530E-2 -1.550498E-1
8.292793E0 3.835341E-2 -1.536952E-1
8.309751E0 4.186456E-2 -1.526509E-1
8.326710E0 4.441656E-2 -1.517263E-1
8.343669E0 4.614786E-2 -1.509295E-1
8.360627E0 4.810067E-2 -1.501582E-1
8.377586E0 4.825776E-2 -1.499028E-1
8.394545E0 4.832737E-2 -1.499622E-1
8.411503E0 4.787254E-2 -1.501060E-1
8.428462E0 4.731319E-2 -1.504068E-1
8.445421E0 4.506317E-2 -1.511430E-1
8.462379E0 4.188985E-2 -1.519522E-1
8.479338E0 3.815195E-2 -1.528997E-1
8.496297E0 3.441169E-2 -1.541185E-1
8.513256E0 2.882949E-2 -1.551219E-1
8.530214E0 2.360796E-2 -1.558316E-1
8.547173E0 1.739125E-2 -1.567311E-1
8.564132E0 1.161695E-2 -1.574252E-1
8.581090E0 4.532968E-3 -1.575458E-1
8.598049E0 -2.371418E-3 -1.574990E-1
8.615008E0 -8.323453E-3 -1.574009E-1
8.631966E0 -1.499663E-2 -1.566652E-1
8.648925E0 -2.108029E-2 -1.557832E-1
8.665884E0 -2.654624E-2 -1.546842E-1
8.682842E0 -3.142169E-2 -1.536534E-1
8.699801E0 -3.665306E-2 -1.520854E-1
8.716760E0 -4.015150E-2 -1.511499E-1
8.733718E0 -4.381038E-2 -1.499307E-1
8.750677E0 -4.611323E-2 -1.489226E-1
8.767636E0 -4.726222E-2 -1.486061E-1
8.784594E0 -4.817978E-2 -1.483141E-1
8.801553E0 -4.811652E-2 -1.482071E-1
8.818512E0 -4.679223E-2 -1.483530E-1
8.835470E0 -4.534977E-2 -1.489500E-1
8.852429E0 -4.267412E-2 -1.496708E-1
8.869388E0 -3.873097E-2 -1.510897E-1
8.886346E0 -3.475347E-2 -1.522162E-1
8.903305E0 -3.014130E-2 -1.531985E-1
8.920264E0 -2.412334E-2 -1.545879E-1
8.937222E0 -1.818730E-2 -1.555674E-1
8.954181E0 -1.191700E-2 -1.564255E-1
8.971140E0 -5.152443E-3 -1.572372E-1
8.988098E0 6.810425E-4 -1.574383E-1
9.005057E0 6.850664E-3 -1.574891E-1
9.022016E0 1.375629E-2 -1.574429E-1
9.038974E0 1.924595E-2 -1.568059E-1
9.055933E0 2.481726E-2 -1.558917E-1
9.072892E0 2.969949E-2 -1.552599E-1
9.089851E0 3.429286E-2 -1.544263E-1
9.106809E0 3.834020E-2 -1.535013E-1
9.123768E0 4.053077E-2 -1.525550E-1
9.140727E0 4.297110E-2 -1.517911E-1
9.157685E0 4.503712E-2 -1.511154E-1
9.174644E0 4.510767E-2 -1.508251E-1
9.191603E0 4.521111E-2 -1.508304E-1
9.208561E0 4.487781E-2 -1.509217E-1
9.225520E0 4.448758E-2 -1.511725E-1
9.242479E0 4.237247E-2 -1.518533E-1
9.259437E0 3.950382E-2 -1.526641E-1
9.276396E0 3.630328E-2 -1.535255E-1
9.293355E0 3.223305E-2 -1.544110E-1
9.310313E0 2.752012E-2 -1.552618E-1
9.327272E0 2.276532E-2 -1.558600E-1
9.344231E0 1.696817E-2 -1.566232E-1
9.361189E0 1.140176E-2 -1.574191E-1
9.378148E0 4.900044E-3 -1.574816E-1
9.395107E0 -1.624672E-3 -1.573934E-1
9.412065E0 -7.570762E-3 -1.572482E-1
9.429024E0 -1.406204E-2 -1.566399E-1
9.445983E0 -1.987912E-2 -1.557158E-1
9.462941E0 -2.526786E-2 -1.548894E-1
9.479900E0 -2.980542E-2 -1.537419E-1
9.496859E0 -3.408334E-2 -1.527186E-1
9.513817E0 -3.777204E-2 -1.519447E-1
9.530776E0 -4.056022E-2 -1.511952E-1
9.547735E0 -4.289235E-2 -1.502683E-1
9.564693E0 -4.450245E-2 -1.495549E-1
9.581652E0 -4.506016E-2 -1.492841E-1
9.598611E0 -4.512447E-2 -1.493400E-1
9.615569E0 -4.444187E-2 -1.495107E-1
9.632528E0 -4.328675E-2 -1.496248E-1
9.649487E0 -4.093242E-2 -1.505101E-1
9.666446E0 -3.804732E-2 -1.514345E-1
9.683404E0 -3.277112E-2 -1.528647E-1
9.700363E0 -2.843503E-2 -1.538370E-1
9.717322E0 -2.369385E-2 -1.548088E-1
9.734280E0 -1.774675E-2 -1.555996E-1
9.751239E0 -1.179083E-2 -1.564644E-1
9.768198E0 -5.472401E-3 -1.573628E-1
9.785156E0 -1.787283E-4 -1.574409E-1
9.802115E0 5.861184E-3 -1.575235E-1
9.819074E0 1.251198E-2 -1.575101E-1
9.836032E0 1.738450E-2 -1.569236E-1
9.852991E0 2.288174E-2 -1.560924E-1
9.869950E0 2.788305E-2 -1.552219E-1
9.886908E0 3.149992E-2 -1.549820E-1
9.903867E0 3.474928E-2 -1.541432E-1
9.920826E0 3.770014E-2 -1.532851E-1
9.937784E0 3.994503E-2 -1.526431E-1
9.954743E0 4.186532E-2 -1.519870E-1
9.971702E0 4.217959E-2 -1.517080E-1
9.988660E0 4.232743E-2 -1.517059E-1
1.000562E1 4.214174E-2 -1.517589E-1
1.002258E1 4.143460E-2 -1.519915E-1
1.003954E1 3.905714E-2 -1.524590E-1
1.005650E1 3.644363E-2 -1.532110E-1
1.007345E1 3.330652E-2 -1.541723E-1
1.009041E1 2.962484E-2 -1.551444E-1
1.010737E1 2.545341E-2 -1.557499E-1
1.012433E1 2.189632E-2 -1.565940E-1
1.014129E1 1.668215E-2 -1.574501E-1
1.015825E1 9.938172E-3 -1.576751E-1
1.017521E1 5.568909E-3 -1.582781E-1
1.019216E1 -4.323009E-4 -1.582929E-1
1.020912E1 -6.053872E-3 -1.581227E-1
1.022608E1 -1.252974E-2 -1.575073E-1
1.024304E1 -1.815155E-2 -1.565031E-1
1.026000E1 -2.348778E-2 -1.556811E-1
1.027696E1 -2.783766E-2 -1.547868E-1
1.029392E1 -3.189532E-2 -1.538615E-1
1.031088E1 -3.532820E-2 -1.529721E-1
1.032783E1 -3.808058E-2 -1.522309E-1
1.034479E1 -4.026426E-2 -1.512374E-1
1.036175E1 -4.190794E-2 -1.505455E-1
1.037871E1 -4.245901E-2 -1.501778E-1
1.039567E1 -4.254677E-2 -1.502276E-1
1.041263E1 -4.193371E-2 -1.504333E-1
1.042959E1 -4.089710E-2 -1.505830E-1
1.044654E1 -3.835619E-2 -1.513204E-1
1.046350E1 -3.547135E-2 -1.523398E-1
1.048046E1 -3.179335E-2 -1.530884E-1
1.049742E1 -2.794393E-2 -1.540684E-1
1.051438E1 -2.286996E-2 -1.547719E-1
1.053134E1 -1.724218E-2 -1.557252E-1
1.054830E1 -1.144196E-2 -1.565902E-1
1.056526E1 -5.161389E-3 -1.572632E-1
1.058221E1 -3.825482E-4 -1.575000E-1
1.059917E1 5.225951E-3 -1.575117E-1
1.061613E1 1.116034E-2 -1.575081E-1
1.063309E1 1.592031E-2 -1.570123E-1
1.065005E1 2.266099E-2 -1.565469E-1
1.066701E1 2.691714E-2 -1.557660E-1
1.068397E1 3.201662E-2 -1.554809E-1
1.070092E1 3.568900E-2 -1.545139E-1
1.071788E1 3.861375E-2 -1.535879E-1
1.073484E1 4.092147E-2 -1.528360E-1
1.075180E1 4.253553E-2 -1.521690E-1
1.076876E1 4.279581E-2 -1.517648E-1
1.078572E1 4.312929E-2 -1.517663E-1
1.080268E1 4.285953E-2 -1.517579E-1
1.081964E1 4.211837E-2 -1.518985E-1
1.083659E1 4.013906E-2 -1.525967E-1
1.085355E1 3.756132E-2 -1.533388E-1
1.087051E1 3.466709E-2 -1.541932E-1
1.088747E1 3.092351E-2 -1.551231E-1
1.090443E1 2.610039E-2 -1.554185E-1
1.092139E1 2.146662E-2 -1.562426E-1
1.093835E1 1.630898E-2 -1.567882E-1
1.095530E1 1.134186E-2 -1.574523E-1
1.097226E1 5.541551E-3 -1.575839E-1
1.098922E1 -3.998315E-4 -1.575537E-1
1.100618E1 -5.935232E-3 -1.573156E-1
1.102314E1 -1.192742E-2 -1.565666E-1
1.104010E1 -1.746399E-2 -1.558898E-1
1.105706E1 -2.211860E-2 -1.549788E-1
1.107402E1 -2.666830E-2 -1.542744E-1
1.109097E1 -3.067238E-2 -1.531344E-1
1.110793E1 -3.417788E-2 -1.521979E-1
1.112489E1 -3.701961E-2 -1.515786E-1
1.114185E1 -3.882616E-2 -1.509112E-1
1.115881E1 -4.043790E-2 -1.500508E-1
1.117577E1 -4.064637E-2 -1.499368E-1
1.119273E1 -4.058747E-2 -1.498607E-1
1.120969E1 -4.012944E-2 -1.496954E-1
1.122664E1 -3.814119E-2 -1.505129E-1
1.124360E1 -3.385570E-2 -1.517907E-1
1.126056E1 -2.583068E-2 -1.537283E-1
1.127752E1 -2.160622E-2 -1.546450E-1
1.129448E1 -1.629183E-2 -1.555126E-1
1.131144E1 -1.064722E-2 -1.564569E-1
1.132840E1 -6.124967E-3 -1.567722E-1
1.134535E1 2.855713E-5 -1.572506E-1
1.136231E1 5.053953E-3 -1.573523E-1
1.137927E1 1.035384E-2 -1.573645E-1
1.139623E1 1.422916E-2 -1.568656E-1
1.141319E1 2.038330E-2 -1.565976E-1
1.143015E1 2.399759E-2 -1.558135E-1
1.144711E1 2.751097E-2 -1.552180E-1
1.146407E1 3.071287E-2 -1.549513E-1
1.148102E1 3.302950E-2 -1.542976E-1
1.149798E1 3.519869E-2 -1.535555E-1
1.151494E1 3.709967E-2 -1.529822E-1
1.153190E1 3.766967E-2 -1.526204E-1
1.154886E1 3.793643E-2 -1.525875E-1
1.156582E1 3.787602E-2 -1.526160E-1
1.158278E1 3.698636E-2 -1.527012E-1
1.159973E1 3.523534E-2 -1.533122E-1
1.161669E1 3.324386E-2 -1.538661E-1
1.163365E1 3.046847E-2 -1.544196E-1
1.165061E1 2.704589E-2 -1.550714E-1
1.166757E1 2.282179E-2 -1.553467E-1
1.168453E1 1.857949E-2 -1.560575E-1
1.170149E1 1.402652E-2 -1.565567E-1
1.171845E1 9.160740E-3 -1.570032E-1
1.173540E1 4.153921E-3 -1.572780E-1
1.175236E1 -9.721296E-4 -1.572574E-1
1.176932E1 -5.992332E-3 -1.571949E-1
1.178628E1 -1.159258E-2 -1.566691E-1
1.180324E1 -1.568504E-2 -1.563578E-1
1.182020E1 -2.043063E-2 -1.554058E-1
1.183716E1 -2.485261E-2 -1.546711E-1
1.185411E1 -2.871553E-2 -1.540559E-1
1.187107E1 -3.195505E-2 -1.530807E-1
1.188803E1 -3.451267E-2 -1.523466E-1
1.190499E1 -3.653522E-2 -1.514277E-1
1.192195E1 -3.756327E-2 -1.510646E-1
1.193891E1 -3.861192E-2 -1.506888E-1
1.195587E1 -3.862953E-2 -1.506107E-1
1.197283E1 -3.804379E-2 -1.507392E-1
1.198978E1 -3.611632E-2 -1.512349E-1
1.200674E1 -3.471447E-2 -1.517298E-1
1.202370E1 -3.169919E-2 -1.524711E-1
1.204066E1 -2.855136E-2 -1.533417E-1
1.205762E1 -2.494838E-2 -1.540575E-1
1.207458E1 -2.070790E-2 -1.548049E-1
1.209154E1 -1.540549E-2 -1.556258E-1
1.210849E1 -1.022987E-2 -1.564286E-1
1.212545E1 -5.901316E-3 -1.567322E-1
1.214241E1 -1.423472E-4 -1.573119E-1
1.215937E1 4.708899E-3 -1.574213E-1
1.217633E1 9.815534E-3 -1.574422E-1
1.219329E1 1.412589E-2 -1.570579E-1
1.221025E1 1.915286E-2 -1.566361E-1
1.222721E1 2.265785E-2 -1.558538E-1
1.224416E1 2.595522E-2 -1.551648E-1
1.226112E1 2.893410E-2 -1.550742E-1
1.227808E1 3.113018E-2 -1.542861E-1
1.229504E1 3.334529E-2 -1.537832E-1
1.231200E1 3.451370E-2 -1.533743E-1
1.232896E1 3.526387E-2 -1.532108E-1
1.234592E1 3.570120E-2 -1.530071E-1
1.236288E1 3.543004E-2 -1.528753E-1
1.237983E1 3.436434E-2 -1.531821E-1
1.239679E1 3.298104E-2 -1.535125E-1
1.241375E1 3.060905E-2 -1.541138E-1
1.243071E1 2.790179E-2 -1.549029E-1
1.244767E1 2.473267E-2 -1.551360E-1
1.246463E1 2.124313E-2 -1.555539E-1
1.248159E1 1.711779E-2 -1.560911E-1
1.249854E1 1.262983E-2 -1.564329E-1
1.251550E1 8.157529E-3 -1.569165E-1
1.253246E1 3.010081E-3 -1.571294E-1
1.254942E1 -1.779152E-3 -1.570043E-1
1.256638E1 -6.550421E-3 -1.568383E-1
1.258334E1 -1.116831E-2 -1.563138E-1
1.260030E1 -1.594448E-2 -1.558232E-1
1.261726E1 -2.046866E-2 -1.548521E-1
1.263421E1 -2.422700E-2 -1.543926E-1
1.265117E1 -2.764564E-2 -1.533452E-1
1.266813E1 -3.068914E-2 -1.524578E-1
1.268509E1 -3.331324E-2 -1.517055E-1
1.270205E1 -3.455089E-2 -1.513435E-1
1.271901E1 -3.619286E-2 -1.507114E-1
1.273597E1 -3.638071E-2 -1.506727E-1
1.275292E1 -3.624409E-2 -1.506021E-1
1.276988E1 -3.562075E-2 -1.505741E-1
1.278684E1 -3.413839E-2 -1.510083E-1
1.280380E1 -3.248174E-2 -1.516382E-1
1.282076E1 -2.973891E-2 -1.523851E-1
1.283772E1 -2.677920E-2 -1.532308E-1
1.285468E1 -2.326664E-2 -1.541409E-1
1.287164E1 -1.955378E-2 -1.547903E-1
1.288859E1 -1.451521E-2 -1.555927E-1
1.290555E1 -9.529850E-3 -1.564173E-1
1.292251E1 -5.792347E-3 -1.567770E-1
1.293947E1 3.780609E-5 -1.572058E-1
1.295643E1 4.443499E-3 -1.573664E-1
1.297339E1 9.370204E-3 -1.573948E-1
1.299035E1 1.309290E-2 -1.571186E-1
1.300730E1 1.801882E-2 -1.566050E-1
1.302426E1 2.088350E-2 -1.559878E-1
1.304122E1 2.456010E-2 -1.552906E-1
1.305818E1 2.698631E-2 -1.550544E-1
1.307514E1 2.942762E-2 -1.546946E-1
1.309210E1 3.116605E-2 -1.540844E-1
1.310906E1 3.247862E-2 -1.536726E-1
1.312602E1 3.294972E-2 -1.534148E-1
1.314297E1 3.310097E-2 -1.534120E-1
1.315993E1 3.288150E-2 -1.534227E-1
1.317689E1 3.190804E-2 -1.535488E-1
1.319385E1 3.025916E-2 -1.540129E-1
1.321081E1 2.838663E-2 -1.544840E-1
1.322777E1 2.582608E-2 -1.549740E-1
1.324473E1 2.299051E-2 -1.551632E-1
1.326168E1 2.011982E-2 -1.557737E-1
1.327864E1 1.573417E-2 -1.563395E-1
1.329560E1 1.185624E-2 -1.565056E-1
1.331256E1 7.250261E-3 -1.569503E-1
1.332952E1 2.574298E-3 -1.570038E-1
1.334648E1 -2.056114E-3 -1.569656E-1
1.336344E1 -6.552464E-3 -1.567898E-1
1.338040E1 -1.090422E-2 -1.564275E-1
1.339735E1 -1.521880E-2 -1.556861E-1
1.341431E1 -1.938877E-2 -1.552412E-1
1.343127E1 -2.311683E-2 -1.543909E-1
1.344823E1 -2.596333E-2 -1.536319E-1
1.346519E1 -2.884906E-2 -1.529352E-1
1.348215E1 -3.124676E-2 -1.524828E-1
1.349911E1 -3.256570E-2 -1.519027E-1
1.351607E1 -3.416112E-2 -1.514551E-1
1.353302E1 -3.448165E-2 -1.513508E-1
1.354998E1 -3.447950E-2 -1.513683E-1
1.356694E1 -3.382523E-2 -1.515069E-1
1.358390E1 -3.272227E-2 -1.516766E-1
1.360086E1 -3.033759E-2 -1.523711E-1
1.361782E1 -2.778683E-2 -1.530969E-1
1.363478E1 -2.467830E-2 -1.538581E-1
1.365173E1 -2.137623E-2 -1.546601E-1
1.366869E1 -1.827207E-2 -1.551231E-1
1.368565E1 -1.338836E-2 -1.559072E-1
1.370261E1 -8.410735E-3 -1.564990E-1
1.371957E1 -4.807475E-3 -1.568495E-1
1.373653E1 7.504289E-4 -1.572184E-1
1.375349E1 5.102643E-3 -1.573164E-1
1.377045E1 9.472872E-3 -1.573695E-1
1.378740E1 1.421080E-2 -1.573447E-1
1.380436E1 1.709594E-2 -1.567725E-1
1.382132E1 2.138608E-2 -1.563307E-1
1.383828E1 2.450818E-2 -1.557055E-1
1.385524E1 2.684064E-2 -1.551193E-1
1.387220E1 2.867916E-2 -1.550846E-1
1.388916E1 3.047623E-2 -1.544795E-1
1.390611E1 3.150131E-2 -1.542028E-1
1.392307E1 3.194556E-2 -1.541217E-1
1.394003E1 3.219670E-2 -1.541741E-1
1.395699E1 3.200379E-2 -1.542312E-1
1.397395E1 3.092661E-2 -1.543527E-1
1.399091E1 2.967629E-2 -1.546821E-1
1.400787E1 2.746929E-2 -1.550991E-1
1.402483E1 2.506083E-2 -1.552190E-1
1.404178E1 2.197236E-2 -1.555037E-1
1.405874E1 1.866374E-2 -1.560640E-1
1.407570E1 1.520625E-2 -1.565206E-1
1.409266E1 1.093476E-2 -1.568354E-1
1.410962E1 6.484135E-3 -1.571485E-1
1.412658E1 2.739318E-3 -1.573491E-1
1.414354E1 -1.766712E-3 -1.572261E-1
1.416049E1 -5.951976E-3 -1.571890E-1
1.417745E1 -1.077062E-2 -1.566598E-1
1.419441E1 -1.500748E-2 -1.559985E-1
1.421137E1 -1.816961E-2 -1.554800E-1
1.422833E1 -2.180477E-2 -1.548917E-1
1.424529E1 -2.490660E-2 -1.541499E-1
1.426225E1 -2.759153E-2 -1.534559E-1
1.427921E1 -2.956924E-2 -1.529387E-1
1.429616E1 -3.098604E-2 -1.523896E-1
1.431312E1 -3.176387E-2 -1.520871E-1
1.433008E1 -3.198968E-2 -1.522036E-1
1.434704E1 -3.179295E-2 -1.521836E-1
1.436400E1 -3.117125E-2 -1.523138E-1
1.438096E1 -3.024005E-2 -1.524487E-1
1.439792E1 -2.777950E-2 -1.531612E-1
1.441487E1 -2.535757E-2 -1.539320E-1
1.443183E1 -2.231204E-2 -1.544995E-1
1.444879E1 -1.988188E-2 -1.549274E-1
1.446575E1 -1.517885E-2 -1.557839E-1
1.448271E1 -1.083617E-2 -1.565423E-1
1.449967E1 -7.384075E-3 -1.567606E-1
1.451663E1 -2.323051E-3 -1.573155E-1
1.453359E1 1.869879E-3 -1.575099E-1
1.455054E1 6.076465E-3 -1.574347E-1
1.456750E1 1.008735E-2 -1.574474E-1
1.458446E1 1.479420E-2 -1.574660E-1
1.460142E1 1.793821E-2 -1.568244E-1
1.461838E1 2.245279E-2 -1.566731E-1
1.463534E1 2.404743E-2 -1.558828E-1
1.465230E1 2.753568E-2 -1.553588E-1
1.466926E1 2.952767E-2 -1.550457E-1
1.468621E1 3.153364E-2 -1.550079E-1
1.470317E1 3.237912E-2 -1.546340E-1
1.472013E1 3.278723E-2 -1.543007E-1
1.473709E1 3.285278E-2 -1.543113E-1
1.475405E1 3.253149E-2 -1.543433E-1
1.477101E1 3.159090E-2 -1.545801E-1
1.478797E1 3.002114E-2 -1.550380E-1
1.480492E1 2.788482E-2 -1.552198E-1
1.482188E1 2.499814E-2 -1.555340E-1
1.483884E1 2.214365E-2 -1.559279E-1
1.485580E1 1.914569E-2 -1.566889E-1
1.487276E1 1.482940E-2 -1.570867E-1
1.488972E1 1.159957E-2 -1.574210E-1
1.490668E1 7.124731E-3 -1.575663E-1
1.492364E1 2.910492E-3 -1.576807E-1
1.494059E1 -1.514889E-3 -1.575824E-1
1.495755E1 -5.402639E-3 -1.573991E-1
1.497451E1 -9.034649E-3 -1.573319E-1
1.499147E1 -1.335820E-2 -1.566711E-1
1.500843E1 -1.716282E-2 -1.557114E-1
1.502539E1 -1.987102E-2 -1.554912E-1
1.504235E1 -2.280787E-2 -1.551193E-1
1.505930E1 -2.497688E-2 -1.544936E-1
1.507626E1 -2.698518E-2 -1.542228E-1
1.509322E1 -2.824042E-2 -1.536205E-1
1.511018E1 -2.953970E-2 -1.533871E-1
1.512714E1 -2.954024E-2 -1.532946E-1
1.514410E1 -2.938147E-2 -1.531604E-1
1.516106E1 -2.848855E-2 -1.531794E-1
1.517802E1 -2.669836E-2 -1.537716E-1
1.519497E1 -2.519390E-2 -1.541965E-1
1.521193E1 -2.272941E-2 -1.546550E-1
1.522889E1 -2.009408E-2 -1.550813E-1
1.524585E1 -1.660860E-2 -1.556895E-1
1.526281E1 -1.353242E-2 -1.558604E-1
1.527977E1 -9.666404E-3 -1.565934E-1
1.529673E1 -5.005950E-3 -1.571937E-1
1.531368E1 -1.491221E-3 -1.575011E-1
1.533064E1 2.591054E-3 -1.575032E-1
1.534760E1 6.397836E-3 -1.575237E-1
1.536456E1 1.029450E-2 -1.574766E-1
1.538152E1 1.442939E-2 -1.574588E-1
1.539848E1 1.710066E-2 -1.569017E-1
1.541544E1 2.129537E-2 -1.566575E-1
1.543240E1 2.334129E-2 -1.560218E-1
1.544935E1 2.587462E-2 -1.554596E-1
1.546631E1 2.775578E-2 -1.550893E-1
1.548327E1 2.968993E-2 -1.550026E-1
1.550023E1 3.091562E-2 -1.550032E-1
1.551719E1 3.132123E-2 -1.548799E-1
1.553415E1 3.134526E-2 -1.549796E-1
1.555111E1 3.086301E-2 -1.551062E-1
1.556806E1 2.987971E-2 -1.552372E-1
1.558502E1 2.773179E-2 -1.552739E-1
1.560198E1 2.565618E-2 -1.553793E-1
1.561894E1 2.345641E-2 -1.558360E-1
1.563590E1 2.007040E-2 -1.563263E-1
1.565286E1 1.714217E-2 -1.566625E-1
1.566982E1 1.411897E-2 -1.573644E-1
1.568678E1 9.990418E-3 -1.574743E-1
1.570373E1 6.006844E-3 -1.575120E-1
1.572069E1 1.754404E-3 -1.575015E-1
1.573765E1 -2.378443E-3 -1.574967E-1
1.575461E1 -5.936094E-3 -1.572625E-1
1.577157E1 -1.041880E-2 -1.566876E-1
1.578853E1 -1.348816E-2 -1.563501E-1
1.580549E1 -1.732502E-2 -1.556673E-1
1.582245E1 -1.986535E-2 -1.554153E-1
1.583940E1 -2.267065E-2 -1.549091E-1
1.585636E1 -2.438590E-2 -1.545727E-1
1.587332E1 -2.658373E-2 -1.538459E-1
1.589028E1 -2.785052E-2 -1.535409E-1
1.590724E1 -2.837375E-2 -1.531740E-1
1.592420E1 -2.844927E-2 -1.530952E-1
1.594116E1 -2.827601E-2 -1.530639E-1
1.595811E1 -2.765194E-2 -1.532140E-1
1.597507E1 -2.665130E-2 -1.533892E-1
1.599203E1 -2.443089E-2 -1.541073E-1
1.600899E1 -2.185945E-2 -1.546451E-1
1.602595E1 -1.965638E-2 -1.549131E-1
1.604291E1 -1.577961E-2 -1.556495E-1
1.605987E1 -1.297527E-2 -1.559310E-1
1.607683E1 -8.875051E-3 -1.566146E-1
1.609378E1 -4.467084E-3 -1.572207E-1
1.611074E1 -1.289078E-3 -1.574028E-1
1.612770E1 2.255092E-3 -1.574661E-1
1.614466E1 5.822569E-3 -1.574754E-1
1.616162E1 9.611161E-3 -1.574749E-1
1.617858E1 1.407198E-2 -1.574765E-1
1.619554E1 1.618060E-2 -1.569028E-1
1.621249E1 1.992995E-2 -1.566617E-1
1.622945E1 2.181904E-2 -1.560834E-1
1.624641E1 2.484865E-2 -1.557278E-1
1.626337E1 2.672169E-2 -1.552888E-1
1.628033E1 2.766808E-2 -1.551051E-1
1.629729E1 2.870495E-2 -1.550868E-1
1.631425E1 2.909416E-2 -1.550967E-1
1.633121E1 2.887852E-2 -1.551187E-1
1.634816E1 2.857459E-2 -1.551420E-1
1.636512E1 2.723044E-2 -1.552066E-1
1.638208E1 2.563611E-2 -1.552799E-1
1.639904E1 2.330870E-2 -1.555307E-1
1.641600E1 2.127602E-2 -1.559175E-1
1.643296E1 1.882836E-2 -1.564758E-1
1.644992E1 1.531357E-2 -1.568298E-1
1.646687E1 1.244089E-2 -1.573342E-1
1.648383E1 8.436437E-3 -1.573805E-1
1.650079E1 4.540680E-3 -1.575991E-1
1.651775E1 7.975860E-4 -1.574615E-1
1.653471E1 -2.940616E-3 -1.574081E-1
1.655167E1 -6.207619E-3 -1.573038E-1
1.656863E1 -1.043511E-2 -1.566583E-1
1.658559E1 -1.679483E-2 -1.557782E-1
1.660254E1 -2.153032E-2 -1.547674E-1
1.661950E1 -2.328215E-2 -1.544814E-1
1.663646E1 -2.518683E-2 -1.541727E-1
1.665342E1 -2.599083E-2 -1.538432E-1
1.667038E1 -2.700774E-2 -1.535600E-1
1.668734E1 -2.693964E-2 -1.533946E-1
1.670430E1 -2.677625E-2 -1.532634E-1
1.672125E1 -2.598132E-2 -1.533726E-1
1.673821E1 -2.406781E-2 -1.538139E-1
1.675517E1 -2.267002E-2 -1.543625E-1
1.677213E1 -2.016429E-2 -1.547981E-1
1.678909E1 -1.779232E-2 -1.550395E-1
1.680605E1 -1.427135E-2 -1.557897E-1
1.682301E1 -1.065547E-2 -1.564472E-1
1.683997E1 -7.792203E-3 -1.566264E-1
1.685692E1 -3.657735E-3 -1.572060E-1
1.687388E1 -3.345946E-4 -1.573672E-1
1.689084E1 2.888286E-3 -1.575087E-1
1.690780E1 6.399762E-3 -1.574954E-1
1.692476E1 1.002495E-2 -1.574379E-1
1.694172E1 1.391864E-2 -1.574296E-1
1.695868E1 1.603646E-2 -1.569143E-1
1.697563E1 1.929824E-2 -1.566910E-1
1.699259E1 2.148300E-2 -1.562517E-1
1.700955E1 2.364041E-2 -1.557786E-1
1.702651E1 2.501144E-2 -1.553697E-1
1.704347E1 2.644466E-2 -1.551082E-1
1.706043E1 2.680841E-2 -1.550780E-1
1.707739E1 2.702478E-2 -1.550782E-1
1.709435E1 2.689673E-2 -1.550904E-1
1.711130E1 2.642766E-2 -1.551364E-1
1.712826E1 2.535077E-2 -1.552122E-1
1.714522E1 2.366706E-2 -1.553260E-1
1.716218E1 2.175275E-2 -1.558062E-1
1.717914E1 1.932182E-2 -1.562112E-1
1.719610E1 1.696061E-2 -1.565254E-1
1.721306E1 1.362012E-2 -1.568321E-1
1.723002E1 1.073858E-2 -1.573014E-1
1.724697E1 7.263435E-3 -1.574271E-1
1.726393E1 3.583852E-3 -1.575216E-1
1.728089E1 9.407553E-5 -1.574119E-1
1.729785E1 -3.488028E-3 -1.573235E-1
1.731481E1 -6.563415E-3 -1.573179E-1
1.733177E1 -1.051489E-2 -1.566487E-1
1.734873E1 -1.314096E-2 -1.564838E-1
1.736568E1 -1.632069E-2 -1.556758E-1
1.738264E1 -1.834500E-2 -1.555427E-1
1.739960E1 -2.098251E-2 -1.550638E-1
1.741656E1 -2.243039E-2 -1.545407E-1
1.743352E1 -2.406374E-2 -1.541666E-1
1.745048E1 -2.469940E-2 -1.538898E-1
1.746744E1 -2.515885E-2 -1.539685E-1
1.748440E1 -2.514488E-2 -1.539693E-1
1.750135E1 -2.457839E-2 -1.538273E-1
1.751831E1 -2.407689E-2 -1.540093E-1
1.753527E1 -2.213023E-2 -1.544966E-1
1.755223E1 -2.093920E-2 -1.548907E-1
1.756919E1 -1.781946E-2 -1.554057E-1
1.758615E1 -1.578131E-2 -1.557525E-1
1.760311E1 -1.217851E-2 -1.564271E-1
1.762006E1 -9.819436E-3 -1.566599E-1
1.763702E1 -5.599009E-3 -1.573869E-1
1.765398E1 -2.734270E-3 -1.574412E-1
1.767094E1 2.391375E-4 -1.575711E-1
1.768790E1 3.383395E-3 -1.575597E-1
1.770486E1 6.610400E-3 -1.575259E-1
1.772182E1 1.000826E-2 -1.574945E-1
1.773878E1 1.378151E-2 -1.574969E-1
1.775573E1 1.590039E-2 -1.570822E-1
1.777269E1 1.866012E-2 -1.567011E-1
1.778965E1 2.254778E-2 -1.565879E-1
1.780661E1 2.247233E-2 -1.559786E-1
1.782357E1 2.467549E-2 -1.557509E-1
1.784053E1 2.574543E-2 -1.556755E-1
1.785749E1 2.667732E-2 -1.555263E-1
1.787444E1 2.689037E-2 -1.553921E-1
1.789140E1 2.674967E-2 -1.553335E-1
1.790836E1 2.593983E-2 -1.553827E-1
1.792532E1 2.478995E-2 -1.555369E-1
1.794228E1 2.328021E-2 -1.558653E-1
1.795924E1 2.117868E-2 -1.561701E-1
1.797620E1 1.895437E-2 -1.566796E-1
1.799316E1 1.599791E-2 -1.569485E-1
1.801011E1 1.353686E-2 -1.573548E-1
1.802707E1 9.994466E-3 -1.574945E-1
1.804403E1 6.664001E-3 -1.575816E-1
1.806099E1 3.149800E-3 -1.576093E-1
1.807795E1 -3.382364E-4 -1.575415E-1
1.809491E1 -3.533317E-3 -1.573847E-1
1.811187E1 -6.510619E-3 -1.573527E-1
1.812882E1 -1.026663E-2 -1.566028E-1
1.814578E1 -1.283597E-2 -1.564101E-1
1.816274E1 -1.585813E-2 -1.558344E-1
1.817970E1 -1.760989E-2 -1.556843E-1
1.819666E1 -2.003917E-2 -1.550625E-1
1.821362E1 -2.122908E-2 -1.545923E-1
1.823058E1 -2.248104E-2 -1.545136E-1
1.824754E1 -2.360632E-2 -1.544135E-1
1.826449E1 -2.359914E-2 -1.542508E-1
1.828145E1 -2.352956E-2 -1.541987E-1
1.829841E1 -2.304502E-2 -1.540659E-1
1.831537E1 -2.220571E-2 -1.541894E-1
1.833233E1 -2.063900E-2 -1.545386E-1
1.834929E1 -1.907852E-2 -1.549694E-1
1.836625E1 -1.626526E-2 -1.554947E-1
1.838321E1 -1.417016E-2 -1.557890E-1
1.840016E1 -1.073900E-2 -1.565288E-1
1.841712E1 -8.341211E-3 -1.567702E-1
1.843408E1 -4.496574E-3 -1.572398E-1
1.845104E1 -1.658183E-3 -1.573742E-1
1.846800E1 1.361300E-3 -1.575189E-1
1.848496E1 4.448864E-3 -1.576031E-1
1.850192E1 7.656451E-3 -1.575004E-1
1.851887E1 1.069566E-2 -1.574783E-1
1.853583E1 1.388861E-2 -1.575032E-1
1.855279E1 1.595954E-2 -1.570078E-1
1.856975E1 1.854020E-2 -1.567335E-1
1.858671E1 2.149925E-2 -1.566093E-1
1.860367E1 2.235722E-2 -1.560901E-1
1.862063E1 2.335566E-2 -1.558433E-1
1.863759E1 2.445589E-2 -1.557440E-1
1.865454E1 2.483439E-2 -1.556914E-1
1.867150E1 2.469457E-2 -1.557959E-1
1.868846E1 2.445151E-2 -1.558606E-1
1.870542E1 2.375050E-2 -1.559806E-1
1.872238E1 2.237522E-2 -1.561345E-1
1.873934E1 2.113745E-2 -1.565617E-1
1.875630E1 1.893239E-2 -1.568641E-1
1.877325E1 1.626447E-2 -1.569372E-1
1.879021E1 1.329972E-2 -1.571549E-1
1.880717E1 1.125724E-2 -1.574654E-1
1.882413E1 8.167170E-3 -1.575129E-1
1.884109E1 4.940400E-3 -1.575448E-1
1.885805E1 1.928980E-3 -1.577498E-1
1.887501E1 -1.326930E-3 -1.574953E-1
1.889197E1 -4.255009E-3 -1.572760E-1
1.890892E1 -7.066453E-3 -1.572660E-1
1.892588E1 -1.067356E-2 -1.567266E-1
1.894284E1 -1.284846E-2 -1.563824E-1
1.895980E1 -1.575462E-2 -1.558283E-1
1.897676E1 -1.737002E-2 -1.555440E-1
1.899372E1 -1.942495E-2 -1.552652E-1
1.901068E1 -2.071744E-2 -1.547770E-1
1.902763E1 -2.146046E-2 -1.545452E-1
1.904459E1 -2.266440E-2 -1.543781E-1
1.906155E1 -2.263332E-2 -1.542587E-1
1.907851E1 -2.244095E-2 -1.541754E-1
1.909547E1 -2.187104E-2 -1.542499E-1
1.911243E1 -2.094819E-2 -1.544149E-1
1.912939E1 -1.906979E-2 -1.547379E-1
1.914635E1 -1.756422E-2 -1.551147E-1
1.916330E1 -1.470337E-2 -1.555736E-1
1.918026E1 -1.283987E-2 -1.558001E-1
1.919722E1 -9.680709E-3 -1.564726E-1
1.921418E1 -7.409587E-3 -1.567323E-1
1.923114E1 -3.550572E-3 -1.572270E-1
1.924810E1 -6.914710E-4 -1.574681E-1
1.926506E1 2.114165E-3 -1.574651E-1
1.928201E1 5.091534E-3 -1.574764E-1
1.929897E1 7.972550E-3 -1.574557E-1
1.931593E1 1.096161E-2 -1.574640E-1
1.933289E1 1.387874E-2 -1.574586E-1
1.934985E1 1.706564E-2 -1.573635E-1
1.936681E1 1.805957E-2 -1.569064E-1
1.938377E1 2.061453E-2 -1.566897E-1
1.940073E1 2.206839E-2 -1.564880E-1
1.941768E1 2.299364E-2 -1.562005E-1
1.943464E1 2.316809E-2 -1.559414E-1
1.945160E1 2.353968E-2 -1.559109E-1
1.946856E1 2.361536E-2 -1.559135E-1
1.948552E1 2.322597E-2 -1.559482E-1
1.950248E1 2.239991E-2 -1.560172E-1
1.951944E1 2.134789E-2 -1.561754E-1
1.953640E1 1.986287E-2 -1.566587E-1
1.955335E1 1.749376E-2 -1.567794E-1
1.957031E1 1.516824E-2 -1.570457E-1
1.958727E1 1.305071E-2 -1.574279E-1
1.960423E1 1.016210E-2 -1.574565E-1
1.962119E1 7.150867E-3 -1.576415E-1
1.963815E1 4.067719E-3 -1.575983E-1
1.965511E1 9.574409E-4 -1.574951E-1
1.967206E1 -2.102441E-3 -1.574399E-1
1.968902E1 -4.758027E-3 -1.573945E-1
1.970598E1 -7.191689E-3 -1.572618E-1
1.972294E1 -1.055072E-2 -1.566759E-1
1.973990E1 -1.257230E-2 -1.565912E-1
1.975686E1 -1.511145E-2 -1.560532E-1
1.977382E1 -1.666708E-2 -1.557103E-1
1.979078E1 -1.799561E-2 -1.553664E-1
1.980773E1 -1.960005E-2 -1.549152E-1
1.982469E1 -2.027267E-2 -1.549886E-1
1.984165E1 -2.061711E-2 -1.547312E-1
1.985861E1 -2.071134E-2 -1.547674E-1
1.987557E1 -2.061246E-2 -1.547553E-1
1.989253E1 -2.001483E-2 -1.548553E-1
1.990949E1 -1.901572E-2 -1.549566E-1
1.992644E1 -1.683470E-2 -1.556173E-1
1.994340E1 -1.511687E-2 -1.558241E-1
1.996036E1 -1.337594E-2 -1.559449E-1
1.997732E1 -1.019474E-2 -1.563809E-1
1.999428E1 -8.140300E-3 -1.567217E-1
2.001124E1 -4.681500E-3 -1.573042E-1
2.002820E1 -2.178744E-3 -1.574414E-1
2.004516E1 4.124571E-4 -1.574872E-1
2.006211E1 3.207023E-3 -1.575574E-1
2.007907E1 6.095881E-3 -1.575214E-1
2.009603E1 8.613456E-3 -1.574949E-1
2.011299E1 1.135411E-2 -1.574878E-1
2.012995E1 1.421801E-2 -1.574634E-1
2.014691E1 1.570716E-2 -1.571341E-1
2.016387E1 1.772238E-2 -1.567507E-1
2.018082E1 1.982477E-2 -1.566576E-1
2.019778E1 2.114858E-2 -1.564892E-1
2.021474E1 2.150513E-2 -1.562296E-1
2.023170E1 2.220834E-2 -1.559657E-1
2.024866E1 2.216023E-2 -1.559092E-1
2.026562E1 2.200098E-2 -1.558895E-1
2.028258E1 2.139448E-2 -1.558897E-1
2.029954E1 2.055617E-2 -1.560495E-1
2.031649E1 1.901892E-2 -1.563666E-1
2.033345E1 1.773287E-2 -1.565087E-1
2.035041E1 1.573916E-2 -1.567908E-1
2.036737E1 1.324849E-2 -1.569980E-1
2.038433E1 1.112869E-2 -1.572583E-1
2.040129E1 8.286848E-3 -1.573870E-1
2.041825E1 5.562370E-3 -1.574625E-1
2.043520E1 2.848297E-3 -1.575891E-1
2.045216E1 -1.012780E-4 -1.574369E-1
2.046912E1 -2.925287E-3 -1.573916E-1
2.048608E1 -5.453412E-3 -1.572761E-1
2.050304E1 -8.551051E-3 -1.567051E-1
2.052000E1 -1.074695E-2 -1.565838E-1
2.053696E1 -1.344382E-2 -1.561744E-1
2.055392E1 -1.498580E-2 -1.557691E-1
2.057087E1 -1.652380E-2 -1.554607E-1
2.058783E1 -1.811734E-2 -1.549943E-1
2.060479E1 -1.910272E-2 -1.548282E-1
2.062175E1 -1.966360E-2 -1.546055E-1
2.063871E1 -1.997678E-2 -1.546855E-1
2.065567E1 -1.999795E-2 -1.547264E-1
2.067263E1 -1.950379E-2 -1.547280E-1
2.068959E1 -1.884729E-2 -1.548528E-1
2.070654E1 -1.784763E-2 -1.550302E-1
2.072350E1 -1.567734E-2 -1.555144E-1
2.074046E1 -1.416808E-2 -1.557102E-1
2.075742E1 -1.231791E-2 -1.558846E-1
2.077438E1 -9.351292E-3 -1.564384E-1
2.079134E1 -7.453887E-3 -1.567614E-1
2.080830E1 -3.935563E-3 -1.572823E-1
2.082525E1 -1.510112E-3 -1.574303E-1
2.084221E1 1.144378E-3 -1.575379E-1
2.085917E1 3.683562E-3 -1.575352E-1
2.087613E1 6.505753E-3 -1.575143E-1
2.089309E1 8.965449E-3 -1.574771E-1
2.091005E1 1.159893E-2 -1.574623E-1
2.092701E1 1.412917E-2 -1.574769E-1
2.094397E1 1.549671E-2 -1.572257E-1
2.096092E1 1.735441E-2 -1.567771E-1
2.097788E1 1.911272E-2 -1.566493E-1
2.099484E1 2.081054E-2 -1.565797E-1
2.101180E1 2.156307E-2 -1.565581E-1
2.102876E1 2.191095E-2 -1.565270E-1
2.104572E1 2.171796E-2 -1.566310E-1
2.106268E1 2.160208E-2 -1.567096E-1
2.107963E1 2.111196E-2 -1.567485E-1
2.109659E1 1.978221E-2 -1.569235E-1
2.111355E1 1.807302E-2 -1.570796E-1
2.113051E1 1.648053E-2 -1.571713E-1
2.114747E1 1.513243E-2 -1.574426E-1
2.116443E1 1.255775E-2 -1.575298E-1
2.118139E1 9.816680E-3 -1.575793E-1
2.119835E1 7.334343E-3 -1.576762E-1
2.121530E1 4.597997E-3 -1.577563E-1
2.123226E1 2.031033E-3 -1.578049E-1
2.124922E1 -6.264681E-4 -1.576212E-1
2.126618E1 -3.212821E-3 -1.575108E-1
2.128314E1 -5.536538E-3 -1.573647E-1
2.130010E1 -7.650419E-3 -1.572016E-1
2.131706E1 -1.055098E-2 -1.567366E-1
2.133401E1 -1.220751E-2 -1.564948E-1
2.135097E1 -1.357069E-2 -1.562604E-1
2.136793E1 -1.581019E-2 -1.558573E-1
2.138489E1 -1.665144E-2 -1.556887E-1
2.140185E1 -1.721123E-2 -1.554944E-1
2.141881E1 -1.761450E-2 -1.556774E-1
2.143577E1 -1.759985E-2 -1.556953E-1
2.145273E1 -1.745178E-2 -1.556653E-1
2.146968E1 -1.689423E-2 -1.555497E-1
2.148664E1 -1.636330E-2 -1.556595E-1
2.150360E1 -1.522696E-2 -1.557034E-1
2.152056E1 -1.420597E-2 -1.559785E-1
2.153752E1 -1.149688E-2 -1.565204E-1
2.155448E1 -9.801300E-3 -1.566430E-1
2.157144E1 -6.757256E-3 -1.571576E-1
2.158839E1 -4.830254E-3 -1.574939E-1
2.160535E1 -2.670539E-3 -1.574700E-1
2.162231E1 -3.988077E-4 -1.575538E-1
2.163927E1 2.129336E-3 -1.576003E-1
2.165623E1 4.676571E-3 -1.576725E-1
2.167319E1 7.145949E-3 -1.575929E-1
2.169015E1 9.660677E-3 -1.575316E-1
2.170711E1 1.202056E-2 -1.574432E-1
2.172406E1 1.432018E-2 -1.574381E-1
2.174102E1 1.644916E-2 -1.574184E-1
2.175798E1 1.728838E-2 -1.570429E-1
2.177494E1 1.878734E-2 -1.567507E-1
2.179190E1 1.962962E-2 -1.566743E-1
2.180886E1 2.031662E-2 -1.566795E-1
2.182582E1 2.065779E-2 -1.566992E-1
2.184278E1 2.074494E-2 -1.567169E-1
2.185973E1 2.047350E-2 -1.567194E-1
2.187669E1 1.930588E-2 -1.567955E-1
2.189365E1 1.799031E-2 -1.568120E-1
2.191061E1 1.540975E-2 -1.573728E-1
2.192757E1 1.310098E-2 -1.575813E-1
2.194453E1 8.294146E-3 -1.576434E-1
2.196149E1 5.898455E-3 -1.576081E-1
2.197844E1 6.164446E-4 -1.575961E-1
2.199540E1 -1.955806E-3 -1.574674E-1
2.201236E1 -4.313620E-3 -1.573213E-1
2.202932E1 -9.341305E-3 -1.566039E-1
2.204628E1 -1.104797E-2 -1.564153E-1
2.206324E1 -1.248276E-2 -1.565007E-1
2.208020E1 -1.468870E-2 -1.557788E-1
2.209716E1 -1.574798E-2 -1.556866E-1
2.211411E1 -1.659047E-2 -1.555433E-1
2.213107E1 -1.708612E-2 -1.553801E-1
2.214803E1 -1.739615E-2 -1.554684E-1
2.216499E1 -1.742152E-2 -1.555139E-1
2.218195E1 -1.731851E-2 -1.555008E-1
2.219891E1 -1.665057E-2 -1.556263E-1
2.221587E1 -1.570818E-2 -1.557182E-1
2.223282E1 -1.455136E-2 -1.557483E-1
2.224978E1 -1.350435E-2 -1.557553E-1
2.226674E1 -1.071516E-2 -1.565068E-1
2.228370E1 -9.047296E-3 -1.566607E-1
2.230066E1 -7.285590E-3 -1.568018E-1
2.231762E1 -3.995191E-3 -1.573613E-1
2.233458E1 -1.871267E-3 -1.574002E-1
2.235154E1 2.181623E-4 -1.575107E-1
2.236849E1 2.468066E-3 -1.574873E-1
2.238545E1 4.951795E-3 -1.575122E-1
2.240241E1 7.135647E-3 -1.575036E-1
2.241937E1 9.565382E-3 -1.574842E-1
2.243633E1 1.206992E-2 -1.574743E-1
2.245329E1 1.398893E-2 -1.574562E-1
2.247025E1 1.603580E-2 -1.573754E-1
2.248720E1 1.622163E-2 -1.569431E-1
2.250416E1 1.718478E-2 -1.567970E-1
2.252112E1 1.851654E-2 -1.567296E-1
2.253808E1 1.930143E-2 -1.566984E-1
2.255504E1 1.933368E-2 -1.566966E-1
2.257200E1 1.931322E-2 -1.567096E-1
2.258896E1 1.872486E-2 -1.567378E-1
2.260592E1 1.741857E-2 -1.567830E-1
2.262287E1 1.626945E-2 -1.568176E-1
2.263983E1 1.450137E-2 -1.569066E-1
2.265679E1 1.249494E-2 -1.570362E-1
2.267375E1 1.133000E-2 -1.574070E-1
2.269071E1 9.157991E-3 -1.574322E-1
2.270767E1 6.889125E-3 -1.574460E-1
2.272463E1 4.566971E-3 -1.576220E-1
2.274158E1 2.200748E-3 -1.575661E-1
2.275854E1 -2.075296E-4 -1.574465E-1
2.277550E1 -2.643039E-3 -1.573185E-1
2.279246E1 -4.780140E-3 -1.573557E-1
2.280942E1 -6.497612E-3 -1.573162E-1
2.282638E1 -9.133224E-3 -1.568412E-1
2.284334E1 -1.069101E-2 -1.565928E-1
2.286030E1 -1.201153E-2 -1.563388E-1
2.287725E1 -1.410340E-2 -1.559769E-1
2.289421E1 -1.492669E-2 -1.557195E-1
2.291117E1 -1.555328E-2 -1.555705E-1
2.292813E1 -1.589912E-2 -1.556658E-1
2.294509E1 -1.595793E-2 -1.557025E-1
2.296205E1 -1.588451E-2 -1.557142E-1
2.297901E1 -1.546442E-2 -1.555745E-1
2.299597E1 -1.484250E-2 -1.556950E-1
2.301292E1 -1.399769E-2 -1.557962E-1
2.302988E1 -1.284404E-2 -1.557720E-1
2.304684E1 -1.051190E-2 -1.563974E-1
2.306380E1 -9.146002E-3 -1.566845E-1
2.308076E1 -7.381127E-3 -1.567705E-1
2.309772E1 -4.471252E-3 -1.571893E-1
2.311468E1 -2.669936E-3 -1.573159E-1
2.313163E1 -6.244802E-4 -1.575223E-1
2.314859E1 1.678659E-3 -1.575254E-1
2.316555E1 3.721036E-3 -1.575600E-1
2.318251E1 6.028120E-3 -1.575002E-1
2.319947E1 8.158101E-3 -1.574989E-1
2.321643E1 1.018205E-2 -1.574654E-1
2.323339E1 1.211422E-2 -1.574907E-1
2.325035E1 1.395899E-2 -1.574400E-1
2.326730E1 1.588555E-2 -1.573858E-1
2.328426E1 1.637094E-2 -1.572007E-1
2.330122E1 1.729439E-2 -1.568713E-1
2.331818E1 1.781780E-2 -1.567750E-1
2.333514E1 1.811115E-2 -1.567697E-1
2.335210E1 1.802740E-2 -1.567402E-1
2.336906E1 1.752574E-2 -1.567464E-1
2.338601E1 1.725742E-2 -1.567930E-1
2.340297E1 1.636446E-2 -1.568765E-1
2.341993E1 1.514266E-2 -1.568975E-1
2.343689E1 1.335387E-2 -1.571160E-1
2.345385E1 1.170116E-2 -1.571622E-1
2.347081E1 1.011081E-2 -1.573151E-1
2.348777E1 7.967621E-3 -1.574899E-1
2.350473E1 5.902265E-3 -1.574812E-1
2.352168E1 3.654705E-3 -1.575794E-1
2.353864E1 1.386103E-3 -1.575173E-1
2.355560E1 -8.422006E-4 -1.574009E-1
2.357256E1 -3.113034E-3 -1.574171E-1
2.358952E1 -4.954291E-3 -1.574438E-1
2.360648E1 -7.495122E-3 -1.570264E-1
2.362344E1 -9.172464E-3 -1.567359E-1
2.364039E1 -1.036630E-2 -1.564625E-1
2.365735E1 -1.156043E-2 -1.565055E-1
2.367431E1 -1.343856E-2 -1.561135E-1
2.369127E1 -1.400277E-2 -1.558204E-1
2.370823E1 -1.452878E-2 -1.555699E-1
2.372519E1 -1.489352E-2 -1.556518E-1
2.374215E1 -1.490157E-2 -1.556722E-1
2.375911E1 -1.484105E-2 -1.556044E-1
2.377606E1 -1.420016E-2 -1.558120E-1
2.379302E1 -1.350742E-2 -1.556406E-1
2.380998E1 -1.265465E-2 -1.557405E-1
2.382694E1 -1.160728E-2 -1.559650E-1
2.384390E1 -9.436644E-3 -1.563489E-1
2.386086E1 -7.896862E-3 -1.565753E-1
2.387782E1 -6.468622E-3 -1.567530E-1
2.389477E1 -4.485899E-3 -1.569002E-1
2.391173E1 -1.515492E-3 -1.573919E-1
2.392869E1 3.464211E-4 -1.574117E-1
2.394565E1 2.445266E-3 -1.574221E-1
2.396261E1 4.351659E-3 -1.574445E-1
2.397957E1 6.265324E-3 -1.574621E-1
2.399653E1 8.453971E-3 -1.574480E-1
2.401349E1 1.024389E-2 -1.574496E-1
2.403044E1 1.223249E-2 -1.574811E-1
2.404740E1 1.381538E-2 -1.574570E-1
2.406436E1 1.536438E-2 -1.573897E-1
2.408132E1 1.529537E-2 -1.570028E-1
2.409828E1 1.586625E-2 -1.568131E-1
2.411524E1 1.641575E-2 -1.567948E-1
2.413220E1 1.655119E-2 -1.567708E-1
2.414916E1 1.660441E-2 -1.567594E-1
2.416611E1 1.620578E-2 -1.567194E-1
2.418307E1 1.542258E-2 -1.567406E-1
2.420003E1 1.428559E-2 -1.568162E-1
2.421699E1 1.299553E-2 -1.570632E-1
2.423395E1 1.153699E-2 -1.571557E-1
2.425091E1 1.012531E-2 -1.572791E-1
2.426787E1 8.284166E-3 -1.573773E-1
2.428482E1 6.463827E-3 -1.574528E-1
2.430178E1 4.379819E-3 -1.574143E-1
2.431874E1 2.141442E-3 -1.574976E-1
2.433570E1 -8.528188E-5 -1.573852E-1
2.435266E1 -2.063493E-3 -1.573799E-1
2.436962E1 -3.967429E-3 -1.573597E-1
2.438658E1 -5.687084E-3 -1.573173E-1
2.440354E1 -7.969264E-3 -1.567609E-1
2.442049E1 -9.538789E-3 -1.565293E-1
2.443745E1 -1.062795E-2 -1.564937E-1
2.445441E1 -1.161235E-2 -1.564974E-1
2.447137E1 -1.336697E-2 -1.560365E-1
2.448833E1 -1.393566E-2 -1.557201E-1
2.450529E1 -1.415581E-2 -1.557996E-1
2.452225E1 -1.418912E-2 -1.557651E-1
2.453920E1 -1.415819E-2 -1.557724E-1
2.455616E1 -1.394811E-2 -1.556562E-1
2.457312E1 -1.339305E-2 -1.558210E-1
2.459008E1 -1.247685E-2 -1.558718E-1
2.460704E1 -1.136660E-2 -1.558899E-1
2.462400E1 -9.529600E-3 -1.563118E-1
2.464096E1 -8.209816E-3 -1.565775E-1
2.465792E1 -6.607658E-3 -1.567980E-1
2.467487E1 -4.825147E-3 -1.569204E-1
2.469183E1 -2.320282E-3 -1.573293E-1
2.470879E1 -4.759622E-4 -1.573856E-1
2.472575E1 1.594675E-3 -1.574222E-1
2.474271E1 3.210413E-3 -1.574515E-1
2.475967E1 5.341461E-3 -1.575018E-1
2.477663E1 7.191027E-3 -1.575194E-1
2.479358E1 9.052255E-3 -1.574861E-1
2.481054E1 1.071068E-2 -1.574677E-1
2.482750E1 1.239023E-2 -1.574186E-1
2.484446E1 1.370671E-2 -1.573839E-1
2.486142E1 1.490522E-2 -1.574436E-1
2.487838E1 1.602419E-2 -1.573531E-1
2.489534E1 1.671887E-2 -1.574356E-1
2.491230E1 1.702471E-2 -1.574155E-1
2.492925E1 1.699897E-2 -1.574996E-1
2.494621E1 1.661307E-2 -1.575759E-1
2.496317E1 1.594146E-2 -1.576449E-1
2.498013E1 1.523393E-2 -1.576589E-1
2.499709E1 1.377882E-2 -1.577419E-1
2.501405E1 1.235970E-2 -1.577013E-1
2.503101E1 1.061428E-2 -1.577002E-1
2.504796E1 9.112366E-3 -1.577080E-1
2.506492E1 7.303785E-3 -1.577688E-1
2.508188E1 5.265806E-3 -1.578007E-1
2.509884E1 3.339982E-3 -1.576176E-1
2.511580E1 1.313519E-3 -1.576141E-1
2.513276E1 -6.885305E-4 -1.576031E-1
2.514972E1 -2.517599E-3 -1.573547E-1
2.516668E1 -4.267501E-3 -1.572954E-1
2.518363E1 -6.002844E-3 -1.571894E-1
2.520059E1 -8.205564E-3 -1.568965E-1
2.521755E1 -9.723508E-3 -1.565855E-1
2.523451E1 -1.060929E-2 -1.564822E-1
2.525147E1 -1.138489E-2 -1.564216E-1
2.526843E1 -1.300258E-2 -1.558353E-1
2.528539E1 -1.344648E-2 -1.559383E-1
2.530235E1 -1.379387E-2 -1.556227E-1
2.531930E1 -1.386942E-2 -1.556406E-1
2.533626E1 -1.374775E-2 -1.556286E-1
2.535322E1 -1.331357E-2 -1.557522E-1
2.537018E1 -1.256361E-2 -1.558720E-1
2.538714E1 -1.163641E-2 -1.558852E-1
2.540410E1 -1.071691E-2 -1.559642E-1
2.542106E1 -8.375101E-3 -1.565831E-1
2.543801E1 -7.202279E-3 -1.565895E-1
2.545497E1 -5.745193E-3 -1.567254E-1
2.547193E1 -3.993159E-3 -1.569441E-1
2.548889E1 -1.417020E-3 -1.572852E-1
2.550585E1 3.790050E-4 -1.573615E-1
2.552281E1 2.208268E-3 -1.574304E-1
2.553977E1 3.888509E-3 -1.574807E-1
2.555673E1 5.843200E-3 -1.574716E-1
2.557368E1 7.509971E-3 -1.574702E-1
2.559064E1 9.217968E-3 -1.574278E-1
2.560760E1 1.057402E-2 -1.574567E-1
2.562456E1 1.220324E-2 -1.574539E-1
2.564152E1 1.327868E-2 -1.574559E-1
2.565848E1 1.440473E-2 -1.574030E-1
2.567544E1 1.514838E-2 -1.574549E-1
2.569239E1 1.579674E-2 -1.574664E-1
2.570935E1 1.592980E-2 -1.574832E-1
2.572631E1 1.594759E-2 -1.575212E-1
2.574327E1 1.552870E-2 -1.575770E-1
2.576023E1 1.473005E-2 -1.576166E-1
2.577719E1 1.371868E-2 -1.575623E-1
2.579415E1 1.236959E-2 -1.576166E-1
2.581111E1 1.086338E-2 -1.576229E-1
2.582806E1 9.194393E-3 -1.575858E-1
2.584502E1 7.433002E-3 -1.576447E-1
2.586198E1 5.920485E-3 -1.576373E-1
2.587894E1 3.871964E-3 -1.576341E-1
2.589590E1 2.137573E-3 -1.576154E-1
2.591286E1 1.736061E-4 -1.575902E-1
2.592982E1 -1.371614E-3 -1.575235E-1
2.594677E1 -3.167704E-3 -1.574466E-1
2.596373E1 -4.626112E-3 -1.573565E-1
2.598069E1 -6.116699E-3 -1.572019E-1
2.599765E1 -8.207868E-3 -1.568748E-1
2.601461E1 -9.306331E-3 -1.565102E-1
2.603157E1 -1.037715E-2 -1.564225E-1
2.604853E1 -1.090090E-2 -1.565624E-1
2.606549E1 -1.146657E-2 -1.564720E-1
2.608244E1 -1.170272E-2 -1.565601E-1
2.609940E1 -1.181456E-2 -1.562883E-1
2.611636E1 -1.195881E-2 -1.563470E-1
2.613332E1 -1.170787E-2 -1.565928E-1
2.615028E1 -1.106909E-2 -1.564191E-1
2.616724E1 -1.049232E-2 -1.565237E-1
2.618420E1 -9.727834E-3 -1.565812E-1
2.620115E1 -8.459446E-3 -1.565967E-1
2.621811E1 -7.560428E-3 -1.566001E-1
2.623507E1 -5.058754E-3 -1.572039E-1
2.625203E1 -3.881572E-3 -1.574200E-1
2.626899E1 -2.342210E-3 -1.575335E-1
2.628595E1 -5.796847E-4 -1.575600E-1
2.630291E1 1.082708E-3 -1.575954E-1
2.631987E1 2.833415E-3 -1.575924E-1
2.633682E1 6.329220E-3 -1.576204E-1
2.635378E1 7.937746E-3 -1.575670E-1
2.637074E1 9.452373E-3 -1.574852E-1
2.638770E1 1.061842E-2 -1.574847E-1
2.640466E1 1.201029E-2 -1.574575E-1
2.642162E1 1.281431E-2 -1.574311E-1
2.643858E1 1.355603E-2 -1.574570E-1
2.645554E1 1.405091E-2 -1.574933E-1
2.647249E1 1.438485E-2 -1.575044E-1
2.648945E1 1.441310E-2 -1.575246E-1
2.650641E1 1.425277E-2 -1.575533E-1
2.652337E1 1.388663E-2 -1.576009E-1
2.654033E1 1.309708E-2 -1.576032E-1
2.655729E1 1.217127E-2 -1.576491E-1
2.657425E1 1.083539E-2 -1.575925E-1
2.659120E1 9.474693E-3 -1.575628E-1
2.660816E1 8.049675E-3 -1.577021E-1
2.662512E1 6.385865E-3 -1.576583E-1
2.664208E1 4.636292E-3 -1.576835E-1
2.665904E1 2.960348E-3 -1.576438E-1
2.667600E1 1.242618E-3 -1.576173E-1
2.669296E1 -4.330970E-4 -1.575305E-1
2.670992E1 -2.145069E-3 -1.574194E-1
2.672687E1 -3.679208E-3 -1.573579E-1
2.674383E1 -5.045845E-3 -1.571889E-1
2.676079E1 -6.378794E-3 -1.572552E-1
2.677775E1 -8.297138E-3 -1.569717E-1
2.679471E1 -9.309956E-3 -1.564919E-1
2.681167E1 -1.005778E-2 -1.566250E-1
2.682863E1 -1.043553E-2 -1.564182E-1
2.684558E1 -1.085402E-2 -1.565298E-1
2.686254E1 -1.103241E-2 -1.563370E-1
2.687950E1 -1.114899E-2 -1.563899E-1
2.689646E1 -1.117062E-2 -1.564048E-1
2.691342E1 -1.075827E-2 -1.565662E-1
2.693038E1 -1.032266E-2 -1.564672E-1
2.694734E1 -9.602739E-3 -1.565507E-1
2.696430E1 -8.512171E-3 -1.565786E-1
2.698125E1 -7.567746E-3 -1.566201E-1
2.699821E1 -6.825682E-3 -1.566514E-1
2.701517E1 -4.185776E-3 -1.572237E-1
2.703213E1 -2.980333E-3 -1.573826E-1
2.704909E1 -1.426971E-3 -1.574803E-1
2.706605E1 4.709136E-5 -1.574830E-1
2.708301E1 1.624952E-3 -1.575124E-1
2.709996E1 3.017871E-3 -1.575520E-1
2.711692E1 4.659154E-3 -1.575432E-1
2.713388E1 6.038924E-3 -1.574909E-1
2.715084E1 7.396485E-3 -1.575085E-1
2.716780E1 8.891231E-3 -1.574796E-1
2.718476E1 1.005173E-2 -1.574675E-1
2.720172E1 1.116195E-2 -1.574432E-1
2.721868E1 1.185102E-2 -1.574627E-1
2.723563E1 1.243024E-2 -1.574646E-1
2.725259E1 1.283729E-2 -1.574383E-1
2.726955E1 1.284782E-2 -1.574605E-1
2.728651E1 1.277590E-2 -1.574925E-1
2.730347E1 1.187534E-2 -1.575079E-1
2.732043E1 1.085206E-2 -1.575251E-1
2.733739E1 9.880333E-3 -1.575428E-1
2.735434E1 7.384657E-3 -1.576130E-1
2.737130E1 5.937055E-3 -1.575637E-1
2.738826E1 2.774454E-3 -1.576215E-1
2.740522E1 1.270018E-3 -1.575523E-1
2.742218E1 -2.869708E-4 -1.574402E-1
2.743914E1 -1.572633E-3 -1.573422E-1
2.745610E1 -3.182995E-3 -1.574224E-1
2.747306E1 -4.455321E-3 -1.572854E-1
2.749001E1 -6.486136E-3 -1.570944E-1
2.750697E1 -7.615161E-3 -1.566237E-1
2.752393E1 -8.644102E-3 -1.565030E-1
2.754089E1 -9.520494E-3 -1.564236E-1
2.755785E1 -1.000561E-2 -1.565274E-1
2.757481E1 -1.042884E-2 -1.563824E-1
2.759177E1 -1.064361E-2 -1.564610E-1
2.760873E1 -1.065040E-2 -1.564748E-1
2.762568E1 -1.063414E-2 -1.564886E-1
2.764264E1 -1.048976E-2 -1.564612E-1
2.765960E1 -1.003426E-2 -1.566028E-1
2.767656E1 -9.214035E-3 -1.566479E-1
2.769352E1 -8.327513E-3 -1.567042E-1
2.771048E1 -7.388860E-3 -1.567301E-1
2.772744E1 -6.426607E-3 -1.567304E-1
2.774439E1 -4.963519E-3 -1.570088E-1
2.776135E1 -2.928414E-3 -1.572014E-1
2.777831E1 -1.369182E-3 -1.574440E-1
2.779527E1 -1.271329E-4 -1.573997E-1
2.781223E1 1.461037E-3 -1.574355E-1
2.782919E1 2.901301E-3 -1.575324E-1
2.784615E1 4.477784E-3 -1.575903E-1
2.786311E1 5.937981E-3 -1.574817E-1
2.788006E1 7.232899E-3 -1.575093E-1
2.789702E1 8.552686E-3 -1.574750E-1
2.791398E1 9.435907E-3 -1.574475E-1
2.793094E1 1.023435E-2 -1.574502E-1
2.794790E1 1.111439E-2 -1.574402E-1
2.796486E1 1.181886E-2 -1.574481E-1
2.798182E1 1.218640E-2 -1.574815E-1
2.799877E1 1.245122E-2 -1.574961E-1
2.801573E1 1.242998E-2 -1.575097E-1
2.803269E1 1.242616E-2 -1.575192E-1
2.804965E1 1.199703E-2 -1.575031E-1
2.806661E1 1.104630E-2 -1.575189E-1
2.808357E1 1.006132E-2 -1.575100E-1
2.810053E1 9.000173E-3 -1.575183E-1
2.811749E1 7.965263E-3 -1.575934E-1
2.813444E1 6.617422E-3 -1.575468E-1
2.815140E1 5.297063E-3 -1.576203E-1
2.816836E1 3.925547E-3 -1.575777E-1
2.818532E1 2.340793E-3 -1.575539E-1
2.820228E1 8.152454E-4 -1.574659E-1
2.821924E1 -6.653304E-4 -1.575197E-1
2.823620E1 -2.112181E-3 -1.573611E-1
2.825315E1 -3.479321E-3 -1.572619E-1
2.827011E1 -4.622863E-3 -1.573324E-1
2.828707E1 -6.516537E-3 -1.570650E-1
2.830403E1 -7.484448E-3 -1.568166E-1
2.832099E1 -8.170078E-3 -1.566353E-1
2.833795E1 -8.901554E-3 -1.565084E-1
2.835491E1 -9.418078E-3 -1.563825E-1
2.837187E1 -9.747379E-3 -1.564876E-1
2.838882E1 -9.826171E-3 -1.564954E-1
2.840578E1 -9.810801E-3 -1.565114E-1
2.842274E1 -9.806239E-3 -1.565301E-1
2.843970E1 -9.477738E-3 -1.564470E-1
2.845666E1 -8.914968E-3 -1.565220E-1
2.847362E1 -8.133126E-3 -1.566018E-1
2.849058E1 -7.387196E-3 -1.566979E-1
2.850753E1 -6.491682E-3 -1.567014E-1
2.852449E1 -5.255681E-3 -1.567462E-1
2.854145E1 -4.044680E-3 -1.569765E-1
2.855841E1 -1.914579E-3 -1.572110E-1
2.857537E1 -6.240972E-4 -1.573886E-1
2.859233E1 6.981603E-4 -1.573905E-1
2.860929E1 2.118956E-3 -1.574660E-1
2.862625E1 3.500983E-3 -1.574523E-1
2.864320E1 4.716134E-3 -1.574816E-1
2.866016E1 6.057191E-3 -1.574704E-1
2.867712E1 7.118771E-3 -1.575079E-1
2.869408E1 8.388765E-3 -1.574865E-1
2.871104E1 9.245782E-3 -1.574635E-1
2.872800E1 1.012341E-2 -1.574589E-1
2.874496E1 1.064567E-2 -1.574583E-1
2.876192E1 1.118019E-2 -1.574367E-1
2.877887E1 1.138615E-2 -1.574656E-1
2.879583E1 1.148831E-2 -1.574787E-1
2.881279E1 1.156669E-2 -1.574968E-1
2.882975E1 1.129534E-2 -1.574971E-1
2.884671E1 1.080324E-2 -1.575227E-1
2.886367E1 1.003014E-2 -1.575293E-1
2.888063E1 9.039770E-3 -1.575286E-1
2.889758E1 7.995334E-3 -1.575549E-1
2.891454E1 6.978006E-3 -1.576112E-1
2.893150E1 5.857578E-3 -1.575795E-1
2.894846E1 4.368934E-3 -1.575241E-1
2.896542E1 2.909129E-3 -1.576177E-1
2.898238E1 1.392962E-3 -1.575152E-1
2.899934E1 8.584892E-5 -1.574006E-1
2.901630E1 -1.269692E-3 -1.574181E-1
2.903325E1 -2.736075E-3 -1.572961E-1
2.905021E1 -3.858176E-3 -1.573223E-1
2.906717E1 -4.948220E-3 -1.573836E-1
2.908413E1 -6.585093E-3 -1.570000E-1
2.910109E1 -7.424938E-3 -1.568282E-1
2.911805E1 -8.036352E-3 -1.566311E-1
2.913501E1 -8.514333E-3 -1.564517E-1
2.915196E1 -8.999589E-3 -1.565393E-1
2.916892E1 -9.141851E-3 -1.565661E-1
2.918588E1 -9.064933E-3 -1.565608E-1
2.920284E1 -9.039700E-3 -1.565746E-1
2.921980E1 -8.788882E-3 -1.565052E-1
2.923676E1 -8.241421E-3 -1.566061E-1
2.925372E1 -7.549835E-3 -1.564873E-1
2.927068E1 -7.173568E-3 -1.565891E-1
2.928763E1 -6.302026E-3 -1.566494E-1
2.930459E1 -5.247725E-3 -1.567505E-1
2.932155E1 -4.141378E-3 -1.567663E-1
2.933851E1 -3.041527E-3 -1.569854E-1
2.935547E1 -1.181184E-3 -1.572129E-1
2.937243E1 1.537545E-4 -1.574012E-1
2.938939E1 2.904084E-3 -1.574671E-1
2.940634E1 4.178290E-3 -1.574667E-1
2.942330E1 5.333972E-3 -1.575070E-1
2.944026E1 6.510456E-3 -1.574921E-1
2.945722E1 7.542612E-3 -1.574875E-1
2.947418E1 8.523604E-3 -1.574587E-1
2.949114E1 9.333840E-3 -1.574460E-1
2.950810E1 9.711961E-3 -1.574378E-1
2.952506E1 1.031740E-2 -1.574389E-1
2.954201E1 1.052634E-2 -1.574684E-1
2.955897E1 1.077044E-2 -1.574658E-1
2.957593E1 1.076764E-2 -1.574794E-1
2.959289E1 1.064014E-2 -1.574963E-1
2.960985E1 1.037122E-2 -1.575483E-1
2.962681E1 9.841723E-3 -1.575257E-1
2.964377E1 9.053170E-3 -1.575329E-1
2.966072E1 8.065006E-3 -1.575754E-1
2.967768E1 7.108100E-3 -1.576224E-1
2.969464E1 6.175026E-3 -1.576598E-1
2.971160E1 4.829271E-3 -1.576448E-1
2.972856E1 3.471746E-3 -1.575702E-1
2.974552E1 2.018985E-3 -1.576248E-1
2.976248E1 7.774032E-4 -1.574872E-1
2.977944E1 -5.593628E-4 -1.575379E-1
2.979639E1 -1.834446E-3 -1.573597E-1
2.981335E1 -3.046097E-3 -1.573409E-1
2.983031E1 -3.972770E-3 -1.573787E-1
2.984727E1 -4.831640E-3 -1.573671E-1
2.986423E1 -6.515021E-3 -1.569098E-1
2.988119E1 -7.136082E-3 -1.566751E-1
2.989815E1 -7.575772E-3 -1.565377E-1
2.991511E1 -8.163607E-3 -1.566194E-1
2.993206E1 -8.287609E-3 -1.566464E-1
2.994902E1 -8.322126E-3 -1.566410E-1
2.996598E1 -8.246684E-3 -1.566345E-1
2.998294E1 -8.065786E-3 -1.565755E-1
2.999990E1 -7.684206E-3 -1.564929E-1
3.001686E1 -7.249330E-3 -1.565955E-1
3.003382E1 -6.661632E-3 -1.567364E-1
3.005077E1 -5.792150E-3 -1.567843E-1
3.006773E1 -4.847670E-3 -1.568572E-1
3.008469E1 -3.852530E-3 -1.568469E-1
3.010165E1 -2.773134E-3 -1.569476E-1
3.011861E1 -1.553045E-3 -1.571576E-1
3.013557E1 -4.030738E-4 -1.570392E-1
3.015253E1 1.260745E-3 -1.572434E-1
3.016949E1 2.462669E-3 -1.572910E-1
3.018644E1 3.576168E-3 -1.574398E-1
3.020340E1 4.740430E-3 -1.574570E-1
3.022036E1 6.029413E-3 -1.574483E-1
3.023732E1 6.842399E-3 -1.574335E-1
3.025428E1 7.689472E-3 -1.574523E-1
3.027124E1 8.488099E-3 -1.574501E-1
3.028820E1 9.135230E-3 -1.574468E-1
3.030515E1 9.528932E-3 -1.574710E-1
3.032211E1 9.924020E-3 -1.574598E-1
3.033907E1 1.008385E-2 -1.574448E-1
3.035603E1 1.014506E-2 -1.574577E-1
3.037299E1 1.012848E-2 -1.574735E-1
3.038995E1 9.748638E-3 -1.574938E-1
3.040691E1 9.290715E-3 -1.574748E-1
3.042387E1 8.597510E-3 -1.574854E-1
3.044082E1 7.676977E-3 -1.575046E-1
3.045778E1 6.543799E-3 -1.575365E-1
3.047474E1 5.774465E-3 -1.575427E-1
3.049170E1 4.599343E-3 -1.575933E-1
3.050866E1 3.404478E-3 -1.575082E-1
3.052562E1 2.080272E-3 -1.575804E-1
3.054258E1 9.387032E-4 -1.574343E-1
3.055953E1 -3.520626E-4 -1.574357E-1
3.057649E1 -1.432299E-3 -1.574625E-1
3.059345E1 -2.639373E-3 -1.572985E-1
3.061041E1 -3.688845E-3 -1.572823E-1
3.062737E1 -4.565135E-3 -1.572533E-1
3.064433E1 -5.302630E-3 -1.571953E-1
3.066129E1 -6.856292E-3 -1.567156E-1
3.067825E1 -7.440512E-3 -1.567421E-1
3.069520E1 -7.779744E-3 -1.565014E-1
3.071216E1 -8.074982E-3 -1.565589E-1
3.072912E1 -8.103167E-3 -1.565759E-1
3.074608E1 -8.101769E-3 -1.565777E-1
3.076304E1 -8.055540E-3 -1.565643E-1
3.078000E1 -7.714751E-3 -1.564883E-1
3.079696E1 -7.394208E-3 -1.566240E-1
3.081391E1 -6.861394E-3 -1.565553E-1
3.083087E1 -6.339786E-3 -1.566135E-1
3.084783E1 -5.541704E-3 -1.566938E-1
3.086479E1 -4.604369E-3 -1.567567E-1
3.088175E1 -3.558947E-3 -1.568098E-1
3.089871E1 -2.337869E-3 -1.570773E-1
3.091567E1 -1.264002E-3 -1.570451E-1
3.093263E1 4.267634E-4 -1.572283E-1
3.094958E1 1.572050E-3 -1.573099E-1
3.096654E1 2.682213E-3 -1.573565E-1
3.098350E1 3.739188E-3 -1.574390E-1
3.100046E1 4.767974E-3 -1.574495E-1
3.101742E1 5.679187E-3 -1.574555E-1
3.103438E1 6.490862E-3 -1.574432E-1
3.105134E1 8.018818E-3 -1.574718E-1
3.106830E1 8.530545E-3 -1.574518E-1
3.108525E1 8.777369E-3 -1.574538E-1
3.110221E1 9.076370E-3 -1.574508E-1
3.111917E1 9.182427E-3 -1.574568E-1
3.113613E1 9.191502E-3 -1.574619E-1
3.115309E1 9.127646E-3 -1.574831E-1
3.117005E1 8.710259E-3 -1.575167E-1
3.118701E1 8.156487E-3 -1.574976E-1
3.120396E1 7.496668E-3 -1.575187E-1
3.122092E1 6.597749E-3 -1.575315E-1
3.123788E1 5.693386E-3 -1.575473E-1
3.125484E1 4.632176E-3 -1.576007E-1
3.127180E1 3.467592E-3 -1.575199E-1
3.128876E1 2.355287E-3 -1.575332E-1
3.130572E1 1.259004E-3 -1.575268E-1
3.132268E1 1.400798E-4 -1.575529E-1
3.133963E1 -9.363480E-4 -1.573908E-1
3.135659E1 -2.052445E-3 -1.573365E-1
3.137355E1 -3.014621E-3 -1.573140E-1
3.139051E1 -3.834544E-3 -1.573062E-1
3.140747E1 -4.570069E-3 -1.572794E-1
3.142443E1 -5.239253E-3 -1.571798E-1
3.144139E1 -6.601643E-3 -1.570112E-1
3.145834E1 -7.114672E-3 -1.566261E-1
3.147530E1 -7.329060E-3 -1.566674E-1
3.149226E1 -7.372996E-3 -1.566691E-1
3.150922E1 -7.352049E-3 -1.566552E-1
3.152618E1 -7.324843E-3 -1.566457E-1
3.154314E1 -7.201964E-3 -1.565964E-1
3.156010E1 -6.855135E-3 -1.565437E-1
3.157706E1 -6.456851E-3 -1.566631E-1
3.159401E1 -5.760270E-3 -1.567144E-1
3.161097E1 -4.924936E-3 -1.568133E-1
3.162793E1 -4.082860E-3 -1.569018E-1
3.164489E1 -3.197766E-3 -1.569974E-1
3.166185E1 -2.033164E-3 -1.569584E-1
3.167881E1 -1.141242E-3 -1.570478E-1
3.169577E1 -5.443407E-5 -1.570304E-1
3.171272E1 1.089602E-3 -1.571507E-1
3.172968E1 2.097771E-3 -1.570795E-1
3.174664E1 3.000161E-3 -1.570649E-1
3.176360E1 4.059528E-3 -1.570541E-1
3.178056E1 5.134496E-3 -1.570487E-1
3.179752E1 5.638484E-3 -1.570268E-1
3.181448E1 6.340703E-3 -1.570054E-1
3.183144E1 7.060427E-3 -1.569696E-1
3.184839E1 7.738519E-3 -1.569274E-1
3.186535E1 7.916731E-3 -1.569211E-1
3.188231E1 8.190514E-3 -1.569085E-1
3.189927E1 8.206830E-3 -1.568987E-1
3.191623E1 8.219602E-3 -1.568922E-1
3.193319E1 8.157121E-3 -1.568930E-1
3.195015E1 7.949986E-3 -1.568934E-1
3.196710E1 7.358757E-3 -1.568824E-1
3.198406E1 6.745029E-3 -1.568832E-1
3.200102E1 6.069850E-3 -1.568770E-1
3.201798E1 5.156308E-3 -1.568931E-1
3.203494E1 4.010932E-3 -1.568931E-1
3.205190E1 3.069404E-3 -1.569004E-1
3.206886E1 2.106804E-3 -1.569040E-1
3.208582E1 1.123858E-3 -1.569055E-1
3.210277E1 1.935224E-4 -1.569112E-1
3.211973E1 -8.879397E-4 -1.568013E-1
3.213669E1 -1.868215E-3 -1.567891E-1
3.215365E1 -2.938678E-3 -1.567508E-1
3.217061E1 -3.881156E-3 -1.566750E-1
3.218757E1 -4.632419E-3 -1.566290E-1
3.220453E1 -5.179754E-3 -1.564781E-1
3.222149E1 -5.782359E-3 -1.566406E-1
3.223844E1 -6.349540E-3 -1.564489E-1
3.225540E1 -6.559067E-3 -1.565181E-1
3.227236E1 -6.651127E-3 -1.565823E-1
3.228932E1 -6.621488E-3 -1.566146E-1
3.230628E1 -6.577860E-3 -1.566175E-1
3.232324E1 -6.451335E-3 -1.565975E-1
3.234020E1 -6.314847E-3 -1.565591E-1
3.235715E1 -5.690690E-3 -1.566704E-1
3.237411E1 -5.110901E-3 -1.565592E-1
3.239107E1 -4.715548E-3 -1.567037E-1
3.240803E1 -3.963404E-3 -1.567729E-1
3.242499E1 -3.118476E-3 -1.568988E-1
3.244195E1 -2.081280E-3 -1.569850E-1
3.245891E1 -1.249986E-3 -1.569834E-1
3.247587E1 -3.159148E-4 -1.570258E-1
3.249282E1 1.224091E-3 -1.572217E-1
3.250978E1 2.170315E-3 -1.572874E-1
3.252674E1 2.991760E-3 -1.573658E-1
3.254370E1 4.075257E-3 -1.574360E-1
3.256066E1 4.837237E-3 -1.574512E-1
3.257762E1 5.586581E-3 -1.574691E-1
3.259458E1 6.292080E-3 -1.574984E-1
3.261153E1 6.852519E-3 -1.574629E-1
3.262849E1 7.276044E-3 -1.574845E-1
3.264545E1 8.098897E-3 -1.574946E-1
3.266241E1 8.183103E-3 -1.574942E-1
3.267937E1 8.211384E-3 -1.574991E-1
3.269633E1 7.914336E-3 -1.575260E-1
3.271329E1 6.876542E-3 -1.575026E-1
3.273025E1 6.156414E-3 -1.575637E-1
3.274720E1 5.598835E-3 -1.575638E-1
3.276416E1 4.723958E-3 -1.575869E-1
3.278112E1 2.842347E-3 -1.576078E-1
3.279808E1 1.884515E-3 -1.576038E-1
3.281504E1 9.751527E-4 -1.574446E-1
3.283200E1 -5.054788E-6 -1.574182E-1
3.284896E1 -1.123929E-3 -1.574048E-1
3.286591E1 -2.035702E-3 -1.573890E-1
3.288287E1 -2.815456E-3 -1.573053E-1
3.289983E1 -3.575616E-3 -1.572815E-1
3.291679E1 -4.118359E-3 -1.573919E-1
3.293375E1 -4.495368E-3 -1.572622E-1
3.295071E1 -4.835011E-3 -1.573820E-1
3.296767E1 -5.135609E-3 -1.572130E-1
3.298463E1 -5.435520E-3 -1.573313E-1
3.300158E1 -5.473485E-3 -1.573478E-1
3.301854E1 -5.460201E-3 -1.573776E-1
3.303550E1 -5.431056E-3 -1.573918E-1
3.305246E1 -5.172548E-3 -1.573606E-1
3.306942E1 -4.849093E-3 -1.575087E-1
3.308638E1 -4.285132E-3 -1.574153E-1
3.310334E1 -3.920478E-3 -1.575113E-1
3.312029E1 -3.203278E-3 -1.575673E-1
3.313725E1 -2.341385E-3 -1.575977E-1
3.315421E1 -1.369114E-3 -1.576012E-1
3.317117E1 -5.772566E-4 -1.576108E-1
3.318813E1 2.887490E-4 -1.576278E-1
3.320509E1 1.283094E-3 -1.575906E-1
3.322205E1 2.183767E-3 -1.576013E-1
3.323901E1 3.171695E-3 -1.575936E-1
3.325596E1 3.829741E-3 -1.576314E-1
3.327292E1 4.677639E-3 -1.576521E-1
3.328988E1 5.591155E-3 -1.576465E-1
3.330684E1 6.317121E-3 -1.576327E-1
3.332380E1 6.847558E-3 -1.575501E-1
3.334076E1 7.189400E-3 -1.575518E-1
3.335772E1 7.585800E-3 -1.575217E-1
3.337468E1 7.829825E-3 -1.575907E-1
3.339163E1 8.044299E-3 -1.575906E-1
3.340859E1 8.071208E-3 -1.575857E-1
3.342555E1 8.092812E-3 -1.575823E-1
3.344251E1 7.932904E-3 -1.575880E-1
3.345947E1 7.537534E-3 -1.575639E-1
3.347643E1 7.023297E-3 -1.576501E-1
3.349339E1 6.507445E-3 -1.576006E-1
3.351034E1 5.773431E-3 -1.575857E-1
3.352730E1 4.920956E-3 -1.575978E-1
3.354426E1 4.015718E-3 -1.575946E-1
3.356122E1 3.120563E-3 -1.575910E-1
3.357818E1 2.182693E-3 -1.575996E-1
3.359514E1 1.292005E-3 -1.575497E-1
3.361210E1 4.172886E-4 -1.575518E-1
3.362906E1 -4.259416E-4 -1.575200E-1
3.364601E1 -1.249585E-3 -1.574379E-1
3.366297E1 -2.139978E-3 -1.574062E-1
3.367993E1 -2.847807E-3 -1.573414E-1
3.369689E1 -3.399823E-3 -1.572576E-1
3.371385E1 -3.928983E-3 -1.573729E-1
3.373081E1 -4.268837E-3 -1.572149E-1
3.374777E1 -4.562242E-3 -1.573173E-1
3.376472E1 -4.733156E-3 -1.573928E-1
3.378168E1 -4.796235E-3 -1.574235E-1
3.379864E1 -4.741649E-3 -1.574305E-1
3.381560E1 -4.636046E-3 -1.574184E-1
3.383256E1 -4.475688E-3 -1.573871E-1
3.384952E1 -4.138225E-3 -1.573377E-1
3.386648E1 -3.967470E-3 -1.574801E-1
3.388344E1 -3.473324E-3 -1.573864E-1
3.390039E1 -2.932424E-3 -1.574597E-1
3.391735E1 -2.181817E-3 -1.575127E-1
3.393431E1 -1.362566E-3 -1.575663E-1
3.395127E1 -6.470197E-4 -1.576127E-1
3.396823E1 8.200876E-5 -1.574913E-1
3.398519E1 1.051653E-3 -1.576746E-1
3.400215E1 2.034777E-3 -1.576582E-1
3.401910E1 2.816322E-3 -1.576587E-1
3.403606E1 3.708909E-3 -1.576664E-1
3.405302E1 4.583508E-3 -1.576734E-1
3.406998E1 5.329009E-3 -1.577078E-1
3.408694E1 6.168260E-3 -1.576880E-1
3.410390E1 6.597763E-3 -1.576024E-1
3.412086E1 7.049605E-3 -1.576337E-1
3.413782E1 7.334071E-3 -1.575848E-1
3.415477E1 7.551422E-3 -1.575749E-1
3.417173E1 7.566377E-3 -1.575500E-1
3.418869E1 7.518805E-3 -1.575617E-1
3.420565E1 7.497850E-3 -1.575603E-1
3.422261E1 7.410841E-3 -1.575601E-1
3.423957E1 7.134610E-3 -1.576057E-1
3.425653E1 6.694419E-3 -1.575633E-1
3.427348E1 6.201011E-3 -1.576323E-1
3.429044E1 5.572850E-3 -1.576169E-1
3.430740E1 4.918875E-3 -1.575779E-1
3.432436E1 3.970183E-3 -1.575924E-1
3.434132E1 3.143231E-3 -1.575811E-1
3.435828E1 2.255247E-3 -1.575759E-1
3.437524E1 1.401903E-3 -1.575503E-1
3.439220E1 5.363436E-4 -1.574943E-1
3.440915E1 -1.677152E-4 -1.574511E-1
3.442611E1 -1.124322E-3 -1.573927E-1
3.444307E1 -1.968625E-3 -1.573716E-1
3.446003E1 -2.639567E-3 -1.572907E-1
3.447699E1 -3.189194E-3 -1.574052E-1
3.449395E1 -3.651161E-3 -1.572712E-1
3.451091E1 -4.014504E-3 -1.573670E-1
3.452786E1 -4.217928E-3 -1.572286E-1
3.454482E1 -4.467207E-3 -1.572889E-1
3.456178E1 -4.573278E-3 -1.573468E-1
3.457874E1 -4.585945E-3 -1.573706E-1
3.459570E1 -4.587631E-3 -1.573837E-1
3.461266E1 -4.443062E-3 -1.573557E-1
3.462962E1 -4.287379E-3 -1.573382E-1
3.464658E1 -3.974031E-3 -1.574687E-1
3.466353E1 -3.594063E-3 -1.573941E-1
3.468049E1 -3.034664E-3 -1.574538E-1
3.469745E1 -2.392507E-3 -1.575240E-1
3.471441E1 -1.525900E-3 -1.575774E-1
3.473137E1 -1.043277E-3 -1.574556E-1
3.474833E1 -3.387463E-4 -1.574713E-1
3.476529E1 3.740484E-4 -1.575221E-1
3.478225E1 1.130857E-3 -1.575465E-1
3.479920E1 2.010110E-3 -1.575997E-1
3.481616E1 2.744873E-3 -1.575928E-1
3.483312E1 3.561033E-3 -1.576322E-1
3.485008E1 4.268402E-3 -1.575477E-1
3.486704E1 4.677445E-3 -1.575684E-1
3.488400E1 5.367291E-3 -1.575854E-1
3.490096E1 5.889555E-3 -1.575393E-1
3.491791E1 6.123563E-3 -1.575863E-1
3.493487E1 6.382809E-3 -1.575483E-1
3.495183E1 6.503117E-3 -1.575268E-1
3.496879E1 6.524266E-3 -1.575250E-1
3.498575E1 6.542569E-3 -1.575171E-1
3.500271E1 6.497768E-3 -1.575170E-1
3.501967E1 6.286674E-3 -1.575469E-1
3.503663E1 5.989520E-3 -1.575201E-1
3.505358E1 5.474765E-3 -1.575726E-1
3.507054E1 4.867365E-3 -1.575745E-1
3.508750E1 4.412845E-3 -1.576261E-1
3.510446E1 3.703573E-3 -1.576128E-1
3.512142E1 2.899703E-3 -1.576083E-1
3.513838E1 2.144764E-3 -1.575911E-1
3.515534E1 1.483135E-3 -1.575498E-1
3.517229E1 6.129636E-4 -1.574842E-1
3.518925E1 -1.762294E-4 -1.574038E-1
3.520621E1 -8.759010E-4 -1.573698E-1
3.522317E1 -1.604980E-3 -1.573120E-1
3.524013E1 -2.303628E-3 -1.574221E-1
3.525709E1 -2.813459E-3 -1.573408E-1
3.527405E1 -3.228913E-3 -1.574286E-1
3.529101E1 -3.568413E-3 -1.572742E-1
3.530796E1 -3.815227E-3 -1.573445E-1
3.532492E1 -4.073173E-3 -1.574102E-1
3.534188E1 -4.007347E-3 -1.574341E-1
3.535884E1 -3.950515E-3 -1.574438E-1
3.537580E1 -3.879935E-3 -1.574454E-1
3.539276E1 -3.828579E-3 -1.574442E-1
3.540972E1 -3.617530E-3 -1.573978E-1
3.542667E1 -3.261104E-3 -1.575243E-1
3.544363E1 -2.774441E-3 -1.574096E-1
3.546059E1 -2.265382E-3 -1.575298E-1
3.547755E1 -1.579911E-3 -1.574242E-1
3.549451E1 -1.178351E-3 -1.575300E-1
3.551147E1 -4.903441E-4 -1.575501E-1
3.552843E1 1.882776E-4 -1.576019E-1
3.554539E1 1.025432E-3 -1.576832E-1
3.556234E1 1.931993E-3 -1.576745E-1
3.557930E1 2.652424E-3 -1.575606E-1
3.559626E1 3.068128E-3 -1.575776E-1
3.561322E1 3.747048E-3 -1.576345E-1
3.563018E1 4.486713E-3 -1.576741E-1
3.564714E1 5.102561E-3 -1.575936E-1
3.566410E1 5.491342E-3 -1.576344E-1
3.568105E1 6.027530E-3 -1.575612E-1
3.569801E1 6.174846E-3 -1.576236E-1
3.571497E1 6.389993E-3 -1.575988E-1
3.573193E1 6.509711E-3 -1.575697E-1
3.574889E1 6.519622E-3 -1.575779E-1
3.576585E1 6.498401E-3 -1.575761E-1
3.578281E1 6.445713E-3 -1.575798E-1
3.579977E1 6.294083E-3 -1.576235E-1
3.581672E1 5.905453E-3 -1.575706E-1
3.583368E1 5.492948E-3 -1.576370E-1
3.585064E1 4.979773E-3 -1.575857E-1
3.586760E1 4.375434E-3 -1.575369E-1
3.588456E1 3.621629E-3 -1.576363E-1
3.590152E1 2.993057E-3 -1.575943E-1
3.591848E1 2.148300E-3 -1.575595E-1
3.593544E1 1.468139E-3 -1.575083E-1
3.595239E1 7.929767E-4 -1.574288E-1
3.596935E1 1.168694E-4 -1.574021E-1
3.598631E1 -6.523180E-4 -1.575109E-1
3.600327E1 -1.228778E-3 -1.574213E-1
3.602023E1 -1.943821E-3 -1.573438E-1
3.603719E1 -2.418727E-3 -1.572494E-1
3.605415E1 -2.999075E-3 -1.573110E-1
3.607110E1 -3.227600E-3 -1.573997E-1
3.608806E1 -3.439808E-3 -1.572529E-1
3.610502E1 -3.733563E-3 -1.573164E-1
3.612198E1 -3.831242E-3 -1.573463E-1
3.613894E1 -3.848077E-3 -1.573665E-1
3.615590E1 -3.831471E-3 -1.573863E-1
3.617286E1 -3.708325E-3 -1.573619E-1
3.618982E1 -3.588414E-3 -1.573536E-1
3.620677E1 -3.306682E-3 -1.573274E-1
3.622373E1 -3.044626E-3 -1.574492E-1
3.624069E1 -2.417545E-3 -1.575258E-1
3.625765E1 -1.856034E-3 -1.574169E-1
3.627461E1 -1.370925E-3 -1.575094E-1
3.629157E1 -7.064503E-4 -1.575633E-1
3.630853E1 -1.897844E-4 -1.574531E-1
3.632548E1 4.435255E-4 -1.575014E-1
3.634244E1 1.101692E-3 -1.575520E-1
3.635940E1 1.877367E-3 -1.576066E-1
3.637636E1 2.533164E-3 -1.575082E-1
3.639332E1 2.890997E-3 -1.575630E-1
3.641028E1 3.694668E-3 -1.576041E-1
3.642724E1 4.222999E-3 -1.575276E-1
3.644420E1 4.552258E-3 -1.576044E-1
3.646115E1 5.032071E-3 -1.575561E-1
3.647811E1 5.233997E-3 -1.575404E-1
3.649507E1 5.338663E-3 -1.575896E-1
3.651203E1 5.570736E-3 -1.575678E-1
3.652899E1 5.615218E-3 -1.575509E-1
3.654595E1 5.639267E-3 -1.575464E-1
3.656291E1 5.655679E-3 -1.575548E-1
3.657986E1 5.493169E-3 -1.575647E-1
3.659682E1 5.170227E-3 -1.575363E-1
3.661378E1 4.738748E-3 -1.575712E-1
3.663074E1 4.323052E-3 -1.575238E-1
3.664770E1 3.710763E-3 -1.575963E-1
3.666466E1 3.079912E-3 -1.575538E-1
3.668162E1 2.630363E-3 -1.575044E-1
3.669858E1 1.905401E-3 -1.575952E-1
3.671553E1 1.321016E-3 -1.575203E-1
3.673249E1 5.865098E-4 -1.574819E-1
3.674945E1 8.292186E-6 -1.574136E-1
3.676641E1 -6.230235E-4 -1.574811E-1
3.678337E1 -1.181831E-3 -1.574251E-1
3.680033E1 -1.599632E-3 -1.573211E-1
3.681729E1 -2.159513E-3 -1.573467E-1
3.683424E1 -2.575790E-3 -1.572603E-1
3.685120E1 -2.968908E-3 -1.573198E-1
3.686816E1 -3.110569E-3 -1.573806E-1
3.688512E1 -3.272626E-3 -1.572396E-1
3.690208E1 -3.510514E-3 -1.572832E-1
3.691904E1 -3.607616E-3 -1.573098E-1
3.693600E1 -3.651007E-3 -1.573381E-1
3.695296E1 -3.655272E-3 -1.573407E-1
3.696991E1 -3.474264E-3 -1.573108E-1
3.698687E1 -3.196139E-3 -1.574539E-1
3.700383E1 -2.751645E-3 -1.573805E-1
3.702079E1 -2.310153E-3 -1.574773E-1
3.703775E1 -1.814779E-3 -1.574028E-1
3.705471E1 -1.439391E-3 -1.575048E-1
3.707167E1 -7.252984E-4 -1.574137E-1
3.708863E1 -5.132903E-4 -1.574894E-1
3.710558E1 1.166996E-4 -1.574633E-1
3.712254E1 6.073662E-4 -1.575060E-1
3.713950E1 1.105477E-3 -1.575365E-1
3.715646E1 1.890441E-3 -1.575734E-1
3.717342E1 2.492576E-3 -1.575051E-1
3.719038E1 2.870576E-3 -1.575272E-1
3.720734E1 3.546611E-3 -1.575810E-1
3.722429E1 4.075869E-3 -1.575346E-1
3.724125E1 4.387769E-3 -1.574914E-1
3.725821E1 4.516878E-3 -1.575596E-1
3.727517E1 4.798739E-3 -1.575553E-1
3.729213E1 4.891351E-3 -1.575501E-1
3.730909E1 4.916928E-3 -1.575338E-1
3.732605E1 4.919163E-3 -1.575296E-1
3.734301E1 4.909583E-3 -1.575280E-1
3.735996E1 4.715998E-3 -1.575414E-1
3.737692E1 4.528337E-3 -1.575589E-1
3.739388E1 4.407037E-3 -1.576176E-1
3.741084E1 4.011870E-3 -1.575396E-1
3.742780E1 3.386420E-3 -1.575251E-1
3.744476E1 2.858388E-3 -1.575666E-1
3.746172E1 2.418634E-3 -1.575193E-1
3.747867E1 1.779148E-3 -1.574840E-1
3.749563E1 1.132582E-3 -1.575239E-1
3.751259E1 5.546015E-4 -1.574651E-1
3.752955E1 -1.866690E-5 -1.573935E-1
3.754651E1 -5.390658E-4 -1.574670E-1
3.756347E1 -1.092379E-3 -1.573896E-1
3.758043E1 -1.410937E-3 -1.574502E-1
3.759739E1 -1.998782E-3 -1.573687E-1
3.761434E1 -2.257444E-3 -1.574282E-1
3.763130E1 -2.624888E-3 -1.572767E-1
3.764826E1 -2.915591E-3 -1.573289E-1
3.766522E1 -3.015891E-3 -1.573731E-1
3.768218E1 -3.027065E-3 -1.573773E-1
3.769914E1 -3.010815E-3 -1.573932E-1
3.771610E1 -2.986426E-3 -1.574033E-1
3.773305E1 -2.971385E-3 -1.574111E-1
3.775001E1 -2.789681E-3 -1.573581E-1
3.776697E1 -2.531243E-3 -1.573141E-1
3.778393E1 -2.262729E-3 -1.574464E-1
3.780089E1 -1.812021E-3 -1.573848E-1
3.781785E1 -1.454624E-3 -1.574885E-1
3.783481E1 -1.135435E-3 -1.574347E-1
3.785177E1 -5.636182E-4 -1.574974E-1
3.786872E1 -1.758236E-4 -1.574306E-1
3.788568E1 3.183219E-4 -1.575032E-1
3.790264E1 1.042196E-3 -1.575669E-1
3.791960E1 1.520787E-3 -1.575189E-1
3.793656E1 2.056991E-3 -1.575499E-1
3.795352E1 2.586290E-3 -1.575093E-1
3.797048E1 2.911817E-3 -1.575633E-1
3.798743E1 3.506807E-3 -1.575041E-1
3.800439E1 3.820808E-3 -1.575575E-1
3.802135E1 4.146869E-3 -1.575291E-1
3.803831E1 4.373885E-3 -1.575279E-1
3.805527E1 4.563094E-3 -1.575829E-1
3.807223E1 4.669231E-3 -1.575633E-1
3.808919E1 4.729403E-3 -1.575622E-1
3.810615E1 4.753238E-3 -1.575573E-1
3.812310E1 4.579084E-3 -1.575738E-1
3.814006E1 4.490115E-3 -1.575989E-1
3.815702E1 4.293872E-3 -1.575566E-1
3.817398E1 3.656607E-3 -1.576130E-1
3.819094E1 3.125392E-3 -1.575457E-1
3.820790E1 2.825448E-3 -1.575970E-1
3.822486E1 2.270313E-3 -1.575345E-1
3.824182E1 1.738818E-3 -1.574948E-1
3.825877E1 1.184908E-3 -1.575301E-1
3.827573E1 6.051197E-4 -1.574812E-1
3.829269E1 -1.330543E-5 -1.574185E-1
3.830965E1 -4.687465E-4 -1.574483E-1
3.832661E1 -8.512285E-4 -1.573712E-1
3.834357E1 -1.337507E-3 -1.574193E-1
3.836053E1 -1.623608E-3 -1.573334E-1
3.837748E1 -2.100620E-3 -1.573754E-1
3.839444E1 -2.370841E-3 -1.574385E-1
3.841140E1 -2.459521E-3 -1.572740E-1
3.842836E1 -2.810356E-3 -1.573240E-1
3.844532E1 -2.880296E-3 -1.573188E-1
3.846228E1 -2.899871E-3 -1.573376E-1
3.847924E1 -2.894722E-3 -1.573514E-1
3.849620E1 -2.893914E-3 -1.573623E-1
3.851315E1 -2.767096E-3 -1.573495E-1
3.853011E1 -2.420331E-3 -1.573312E-1
3.854707E1 -2.193929E-3 -1.574220E-1
3.856403E1 -1.834303E-3 -1.573878E-1
3.858099E1 -1.513686E-3 -1.574951E-1
3.859795E1 -1.143586E-3 -1.574242E-1
3.861491E1 -6.260087E-4 -1.574931E-1
3.863186E1 -2.720663E-4 -1.574584E-1
3.864882E1 2.521072E-4 -1.575183E-1
3.866578E1 9.016212E-4 -1.574800E-1
3.868274E1 1.190436E-3 -1.575432E-1
3.869970E1 1.744388E-3 -1.574916E-1
3.871666E1 2.048575E-3 -1.575245E-1
3.873362E1 2.564210E-3 -1.574966E-1
3.875058E1 2.905010E-3 -1.575347E-1
3.876753E1 3.388712E-3 -1.575058E-1
3.878449E1 3.572009E-3 -1.575745E-1
3.880145E1 3.860613E-3 -1.575348E-1
3.881841E1 4.065466E-3 -1.575292E-1
3.883537E1 4.174243E-3 -1.575235E-1
3.885233E1 4.154360E-3 -1.575186E-1
3.886929E1 4.136843E-3 -1.575124E-1
3.888624E1 4.105586E-3 -1.575177E-1
3.890320E1 3.908682E-3 -1.575235E-1
3.892016E1 3.744762E-3 -1.575352E-1
3.893712E1 3.537203E-3 -1.574945E-1
3.895408E1 2.978606E-3 -1.575307E-1
3.897104E1 2.693033E-3 -1.575790E-1
3.898800E1 2.255770E-3 -1.575358E-1
3.900496E1 1.957266E-3 -1.575641E-1
3.902191E1 1.359768E-3 -1.574789E-1
3.903887E1 1.009401E-3 -1.575586E-1
3.905583E1 4.834811E-4 -1.574824E-1
3.907279E1 1.398416E-4 -1.575289E-1
3.908975E1 -3.124452E-4 -1.574183E-1
3.910671E1 -8.006454E-4 -1.573217E-1
3.912367E1 -1.240177E-3 -1.573903E-1
3.914062E1 -1.435910E-3 -1.574423E-1
3.915758E1 -1.732739E-3 -1.573366E-1
3.917454E1 -2.074089E-3 -1.573738E-1
3.919150E1 -2.217837E-3 -1.574010E-1
3.920846E1 -2.287765E-3 -1.574315E-1
3.922542E1 -2.257126E-3 -1.574331E-1
3.924238E1 -2.237452E-3 -1.574323E-1
3.925934E1 -2.208177E-3 -1.574397E-1
3.927629E1 -2.158957E-3 -1.574277E-1
3.929325E1 -2.015252E-3 -1.573860E-1
3.931021E1 -1.828633E-3 -1.573520E-1
3.932717E1 -1.482986E-3 -1.574671E-1
3.934413E1 -1.257287E-3 -1.574471E-1
3.936109E1 -1.082705E-3 -1.574257E-1
3.937805E1 -6.411992E-4 -1.575095E-1
3.939501E1 -2.911274E-4 -1.574689E-1
3.941196E1 2.746259E-4 -1.575313E-1
3.942892E1 7.967367E-4 -1.574721E-1
3.944588E1 1.102354E-3 -1.575258E-1
3.946284E1 1.606565E-3 -1.575044E-1
3.947980E1 1.920943E-3 -1.575705E-1
3.949676E1 2.349513E-3 -1.575278E-1
3.951372E1 2.699685E-3 -1.575824E-1
3.953067E1 2.963533E-3 -1.575577E-1
3.954763E1 3.325335E-3 -1.575258E-1
3.956459E1 3.669862E-3 -1.575967E-1
3.958155E1 3.891376E-3 -1.575778E-1
3.959851E1 4.123719E-3 -1.575622E-1
3.961547E1 4.094006E-3 -1.575521E-1
3.963243E1 4.119625E-3 -1.575477E-1
3.964939E1 4.093670E-3 -1.575458E-1
3.966634E1 4.078454E-3 -1.575435E-1
3.968330E1 3.856072E-3 -1.575592E-1
3.970026E1 3.705876E-3 -1.575920E-1
3.971722E1 3.362369E-3 -1.575119E-1
3.973418E1 3.010528E-3 -1.575587E-1
3.975114E1 2.697348E-3 -1.576063E-1
3.976810E1 2.255869E-3 -1.575360E-1
3.978505E1 1.965051E-3 -1.575902E-1
3.980201E1 1.501996E-3 -1.575317E-1
3.981897E1 1.110171E-3 -1.575711E-1
3.983593E1 5.984989E-4 -1.574799E-1
3.985289E1 1.878951E-4 -1.575509E-1
3.986985E1 -1.265338E-4 -1.574250E-1
3.988681E1 -5.212711E-4 -1.574769E-1
3.990377E1 -9.626732E-4 -1.573746E-1
3.992072E1 -1.246828E-3 -1.573988E-1
3.993768E1 -1.393389E-3 -1.574450E-1
3.995464E1 -1.598976E-3 -1.573313E-1
3.997160E1 -1.941124E-3 -1.573673E-1
3.998856E1 -2.044890E-3 -1.573726E-1
4.000552E1 -2.096802E-3 -1.573834E-1
4.002248E1 -2.108723E-3 -1.573925E-1
4.003943E1 -2.105768E-3 -1.573906E-1
4.005639E1 -2.051471E-3 -1.573853E-1
4.007335E1 -1.941263E-3 -1.573788E-1
4.009031E1 -1.648940E-3 -1.573654E-1
4.010727E1 -1.486848E-3 -1.574850E-1
4.012423E1 -1.230794E-3 -1.574394E-1
4.014119E1 -9.009205E-4 -1.574037E-1
4.015815E1 -5.871215E-4 -1.575118E-1
4.017510E1 -2.819430E-4 -1.574485E-1
4.019206E1 1.921473E-4 -1.575264E-1
4.020902E1 6.542896E-4 -1.575014E-1
4.022598E1 1.040835E-3 -1.575630E-1
4.024294E1 1.471203E-3 -1.575126E-1
4.025990E1 1.913535E-3 -1.576172E-1
4.027686E1 2.171275E-3 -1.575611E-1
4.029381E1 2.612913E-3 -1.575149E-1
4.031077E1 2.765390E-3 -1.575896E-1
4.032773E1 3.061761E-3 -1.575442E-1
4.034469E1 3.355319E-3 -1.575241E-1
4.036165E1 3.540754E-3 -1.575082E-1
4.037861E1 3.567059E-3 -1.575826E-1
4.039557E1 3.665388E-3 -1.575702E-1
4.041253E1 3.722451E-3 -1.575609E-1
4.042948E1 3.780947E-3 -1.575609E-1
4.044644E1 3.799843E-3 -1.575686E-1
4.046340E1 3.647017E-3 -1.575843E-1
4.048036E1 3.539804E-3 -1.575027E-1
4.049732E1 3.126205E-3 -1.575457E-1
4.051428E1 2.885703E-3 -1.575888E-1
4.053124E1 2.587559E-3 -1.575143E-1
4.054820E1 2.051016E-3 -1.575360E-1
4.056515E1 1.783108E-3 -1.574556E-1
4.058211E1 1.258279E-3 -1.574971E-1
4.059907E1 9.164443E-4 -1.574351E-1
4.061603E1 4.236899E-4 -1.574830E-1
4.063299E1 1.707269E-4 -1.575451E-1
4.064995E1 -2.289451E-4 -1.574245E-1
4.066691E1 -5.457192E-4 -1.574893E-1
4.068386E1 -8.795766E-4 -1.574029E-1
4.070082E1 -1.206594E-3 -1.574342E-1
4.071778E1 -1.361299E-3 -1.574293E-1
4.073474E1 -1.437456E-3 -1.574334E-1
4.075170E1 -1.534249E-3 -1.574715E-1
4.076866E1 -1.579682E-3 -1.573578E-1
4.078562E1 -1.770018E-3 -1.573668E-1
4.080258E1 -1.755086E-3 -1.573320E-1
4.081953E1 -1.764889E-3 -1.573242E-1
4.083649E1 -1.820794E-3 -1.573438E-1
4.085345E1 -1.667888E-3 -1.573539E-1
4.087041E1 -1.587534E-3 -1.573711E-1
4.088737E1 -1.423281E-3 -1.574378E-1
4.090433E1 -1.146331E-3 -1.574000E-1
4.092129E1 -7.982760E-4 -1.574051E-1
4.093824E1 -6.940074E-4 -1.574983E-1
4.095520E1 -3.215755E-4 -1.574772E-1
4.097216E1 1.226113E-4 -1.574609E-1
4.098912E1 3.956986E-4 -1.574823E-1
4.100608E1 8.504990E-4 -1.574828E-1
4.102304E1 9.928242E-4 -1.575289E-1
4.104000E1 1.455479E-3 -1.575107E-1
4.105696E1 1.814571E-3 -1.574687E-1
4.107391E1 2.062373E-3 -1.574622E-1
4.109087E1 2.530557E-3 -1.574203E-1
4.110783E1 2.667733E-3 -1.574142E-1
4.112479E1 2.781550E-3 -1.574799E-1
4.114175E1 2.924159E-3 -1.574685E-1
4.115871E1 3.157939E-3 -1.574662E-1
4.117567E1 3.177996E-3 -1.574628E-1
4.119262E1 3.276371E-3 -1.574371E-1
4.120958E1 3.302562E-3 -1.574215E-1
4.122654E1 3.294287E-3 -1.574136E-1
4.124350E1 3.230289E-3 -1.574128E-1
4.126046E1 2.954463E-3 -1.574309E-1
4.127742E1 2.728719E-3 -1.574669E-1
4.129438E1 2.613613E-3 -1.574077E-1
4.131134E1 2.363323E-3 -1.573920E-1
4.132829E1 2.004761E-3 -1.574278E-1
4.134525E1 1.774728E-3 -1.573727E-1
4.136221E1 1.248003E-3 -1.574226E-1
4.137917E1 9.954248E-4 -1.574653E-1
4.139613E1 7.316751E-4 -1.573491E-1
4.141309E1 3.746442E-4 -1.574144E-1
4.143005E1 1.145462E-4 -1.573157E-1
4.144700E1 -3.309312E-4 -1.573902E-1
4.146396E1 -5.319969E-4 -1.574354E-1
4.148092E1 -6.598358E-4 -1.574607E-1
4.149788E1 -7.783184E-4 -1.573219E-1
4.151484E1 -9.761259E-4 -1.573510E-1
4.153180E1 -1.053693E-3 -1.573664E-1
4.154876E1 -1.147612E-3 -1.574006E-1
4.156572E1 -1.165530E-3 -1.574160E-1
4.158267E1 -1.220442E-3 -1.574447E-1
4.159963E1 -1.176396E-3 -1.574410E-1
4.161659E1 -1.008245E-3 -1.574162E-1
4.163355E1 -8.589038E-4 -1.573749E-1
4.165051E1 -8.100173E-4 -1.573955E-1
4.166747E1 -7.548015E-4 -1.574172E-1
4.168443E1 -7.121800E-4 -1.575591E-1
4.170139E1 -4.550249E-4 -1.575115E-1
4.171834E1 -1.635135E-5 -1.574294E-1
4.173530E1 3.628321E-4 -1.574953E-1
4.175226E1 6.204162E-4 -1.574803E-1
4.176922E1 8.583705E-4 -1.574975E-1
4.178618E1 1.145097E-3 -1.575137E-1
4.180314E1 1.587913E-3 -1.574567E-1
4.182010E1 1.944188E-3 -1.574856E-1
4.183705E1 2.231542E-3 -1.574546E-1
4.185401E1 2.408114E-3 -1.574647E-1
4.187097E1 2.497116E-3 -1.574609E-1
4.188793E1 2.616871E-3 -1.574639E-1
4.190489E1 2.807642E-3 -1.574828E-1
4.192185E1 3.023147E-3 -1.574658E-1
4.193881E1 3.088556E-3 -1.574522E-1
4.195577E1 3.056601E-3 -1.574671E-1
4.197272E1 3.064541E-3 -1.574662E-1
4.198968E1 3.091325E-3 -1.574633E-1
4.200664E1 3.105982E-3 -1.574581E-1
4.202360E1 3.002898E-3 -1.574434E-1
4.204056E1 2.843376E-3 -1.574677E-1
4.205752E1 2.608630E-3 -1.574246E-1
4.207448E1 2.351184E-3 -1.574327E-1
4.209143E1 2.089970E-3 -1.574404E-1
4.210839E1 1.984856E-3 -1.574400E-1
4.212535E1 1.709950E-3 -1.573700E-1
4.214231E1 1.369014E-3 -1.574117E-1
4.215927E1 1.033478E-3 -1.574788E-1
4.217623E1 8.281035E-4 -1.573667E-1
4.219319E1 5.335232E-4 -1.573656E-1
4.221015E1 3.695008E-4 -1.574234E-1
4.222710E1 1.261293E-4 -1.573007E-1
4.224406E1 -2.006144E-4 -1.573816E-1
4.226102E1 -4.300388E-4 -1.574342E-1
4.227798E1 -5.320135E-4 -1.574698E-1
4.229494E1 -5.113846E-4 -1.574744E-1
4.231190E1 -4.838236E-4 -1.574831E-1
4.232886E1 -4.197452E-4 -1.574893E-1
4.234581E1 -3.815542E-4 -1.574838E-1
4.236277E1 -3.506683E-4 -1.574896E-1
4.237973E1 -3.339796E-4 -1.574948E-1
4.239669E1 -2.410940E-4 -1.574865E-1
4.241365E1 -1.494644E-4 -1.574751E-1
4.243061E1 9.184818E-7 -1.574319E-1
4.244757E1 2.189557E-4 -1.575614E-1
4.246453E1 4.922208E-4 -1.575240E-1
4.248148E1 6.970657E-4 -1.574840E-1
4.249844E1 1.061214E-3 -1.575755E-1
4.251540E1 1.418021E-3 -1.575094E-1
4.253236E1 1.687414E-3 -1.574641E-1
4.254932E1 1.985687E-3 -1.575654E-1
4.256628E1 2.231141E-3 -1.575233E-1
4.258324E1 2.587422E-3 -1.574942E-1
4.260019E1 2.759310E-3 -1.575870E-1
4.261715E1 3.008807E-3 -1.575448E-1
4.263411E1 3.207513E-3 -1.575116E-1
4.265107E1 3.357942E-3 -1.574838E-1
4.266803E1 3.526009E-3 -1.574781E-1
4.268499E1 3.654933E-3 -1.575738E-1
4.270195E1 3.743018E-3 -1.575658E-1
4.271891E1 3.791399E-3 -1.575573E-1
4.273586E1 3.888352E-3 -1.575411E-1
4.275282E1 4.023613E-3 -1.575180E-1
4.276978E1 4.013517E-3 -1.575222E-1
4.278674E1 3.899043E-3 -1.575473E-1
4.280370E1 3.725253E-3 -1.575711E-1
4.282066E1 3.638748E-3 -1.575788E-1
4.283762E1 3.532087E-3 -1.574942E-1
4.285458E1 3.082675E-3 -1.575519E-1
4.287153E1 2.825660E-3 -1.575791E-1
4.288849E1 2.591109E-3 -1.574919E-1
4.290545E1 2.313246E-3 -1.574982E-1
4.292241E1 2.106775E-3 -1.575396E-1
4.293937E1 1.740844E-3 -1.574604E-1
4.295633E1 1.220116E-3 -1.575440E-1
4.297329E1 1.022520E-3 -1.575729E-1
4.299024E1 1.173222E-3 -1.574979E-1
4.300720E1 1.042277E-3 -1.575093E-1
4.302416E1 9.128469E-4 -1.573947E-1
4.304112E1 4.987521E-4 -1.575144E-1
4.305808E1 3.838044E-4 -1.575420E-1
4.307504E1 4.490057E-4 -1.575157E-1
4.309200E1 6.438928E-4 -1.574190E-1
4.310896E1 6.262495E-4 -1.574318E-1
4.312591E1 5.590456E-4 -1.574793E-1
4.314287E1 4.265656E-4 -1.575619E-1
4.315983E1 4.227734E-4 -1.575717E-1
4.317679E1 4.982899E-4 -1.575410E-1
4.319375E1 8.486674E-4 -1.574037E-1
4.321071E1 1.127537E-3 -1.575244E-1
4.322767E1 1.310393E-3 -1.575011E-1
4.324462E1 1.318493E-3 -1.575676E-1
4.326158E1 2.345249E-3 -1.574710E-1
4.327854E1 2.902218E-3 -1.575045E-1
4.329550E1 3.031210E-3 -1.575685E-1
4.331246E1 2.868856E-3 -1.577165E-1
4.332942E1 3.073322E-3 -1.576412E-1
4.334638E1 4.040566E-3 -1.574412E-1
4.336334E1 4.006670E-3 -1.575458E-1
4.338029E1 3.924434E-3 -1.576197E-1
4.339725E1 4.037313E-3 -1.575651E-1
4.341421E1 4.403949E-3 -1.575541E-1
4.343117E1 4.340072E-3 -1.574922E-1
4.344813E1 3.815923E-3 -1.576159E-1
4.346509E1 3.873683E-3 -1.575790E-1
4.348205E1 3.914100E-3 -1.575369E-1
4.349900E1 3.815383E-3 -1.575562E-1
4.351596E1 3.566403E-3 -1.575901E-1
4.353292E1 3.282086E-3 -1.575183E-1
4.354988E1 3.023080E-3 -1.575444E-1
4.356684E1 2.824872E-3 -1.575546E-1
4.358380E1 2.627262E-3 -1.574442E-1
4.360076E1 2.274438E-3 -1.574945E-1
4.361772E1 1.997828E-3 -1.575332E-1
4.363467E1 1.701363E-3 -1.574428E-1
4.365163E1 1.411429E-3 -1.575005E-1
4.366859E1 1.221408E-3 -1.575256E-1
4.368555E1 1.137969E-3 -1.575351E-1
4.370251E1 1.106203E-3 -1.575349E-1
4.371947E1 1.136119E-3 -1.575305E-1
4.373643E1 1.062218E-3 -1.575490E-1
4.375338E1 1.107286E-3 -1.575528E-1
4.377034E1 1.115503E-3 -1.575620E-1
4.378730E1 1.182410E-3 -1.575519E-1
4.380426E1 1.225732E-3 -1.575468E-1
4.382122E1 1.275443E-3 -1.575391E-1
4.383818E1 1.308241E-3 -1.575362E-1
4.385514E1 1.455583E-3 -1.575045E-1
4.387210E1 1.499259E-3 -1.575007E-1
4.388905E1 1.611344E-3 -1.574929E-1
4.390601E1 1.708069E-3 -1.574639E-1
4.392297E1 1.879902E-3 -1.575964E-1
4.393993E1 2.151857E-3 -1.575352E-1
4.395689E1 2.331122E-3 -1.575179E-1
4.397385E1 2.526286E-3 -1.575016E-1
4.399081E1 2.861410E-3 -1.575765E-1
4.400777E1 3.266774E-3 -1.574723E-1
4.402472E1 3.421915E-3 -1.574799E-1
4.404168E1 3.412880E-3 -1.575050E-1
4.405864E1 3.495990E-3 -1.575180E-1
4.407560E1 3.621641E-3 -1.575872E-1
4.409256E1 3.912674E-3 -1.575464E-1
4.410952E1 3.985912E-3 -1.575230E-1
4.412648E1 3.957275E-3 -1.575529E-1
4.414343E1 3.925723E-3 -1.575687E-1
4.416039E1 3.972748E-3 -1.575555E-1
4.417735E1 4.014534E-3 -1.575460E-1
4.419431E1 4.277757E-3 -1.574748E-1
4.421127E1 4.290112E-3 -1.574686E-1
4.422823E1 4.183954E-3 -1.574573E-1
4.424519E1 4.165426E-3 -1.574455E-1
4.426215E1 4.042947E-3 -1.574638E-1
4.427910E1 3.811436E-3 -1.575254E-1
4.429606E1 3.081527E-3 -1.576060E-1
4.431302E1 2.721656E-3 -1.577719E-1
4.432998E1 2.551469E-3 -1.575723E-1
4.434694E1 2.359656E-3 -1.574947E-1
4.436390E1 2.250657E-3 -1.575080E-1
4.438086E1 1.901442E-3 -1.575716E-1
4.439781E1 1.692722E-3 -1.574526E-1
4.441477E1 1.391989E-3 -1.574998E-1
4.443173E1 1.288265E-3 -1.575161E-1
4.444869E1 1.111402E-3 -1.575452E-1
4.446565E1 1.151558E-3 -1.575378E-1
4.448261E1 1.169193E-3 -1.575003E-1
4.449957E1 1.188090E-3 -1.574903E-1
